6,23,96,87,26,14,109,5,34,110,1
7,88,129,63,30,86,6,100,17,27,0
2,69,86,45,62,119,113,32,20,97,1
44,48,47,36,22,68,59,35,75,104,0
6,72,71,40,22,5,114,11,7,113,1
35,62,6,14,40,103,105,22,32,4,1
25,137,11,18,123,98,86,30,22,8,0
128,32,64,2,126,29,74,105,138,50,1
35,85,23,71,14,98,6,11,86,25,1
136,42,90,14,68,22,43,7,31,1,1
2,21,25,104,52,93,11,128,1,101,1
46,51,27,138,128,11,3,47,43,41,1
111,59,6,18,91,64,13,14,70,31,1
1,37,27,114,99,100,11,3,104,2,1
48,119,91,6,20,22,74,129,14,11,0
137,111,67,21,90,14,16,18,8,71,1
66,64,59,74,93,70,26,104,101,34,0
30,62,57,14,35,36,10,137,94,33,1
4,54,71,27,21,120,99,2,58,74,1
5,85,34,41,30,65,68,102,100,56,0
104,105,76,26,11,6,42,3,120,113,1
75,93,30,113,62,32,35,22,104,26,0
1,20,30,18,62,11,104,89,31,50,1
1,84,87,45,138,14,83,26,9,33,1
34,9,14,11,126,103,48,93,8,13,1
97,67,64,75,123,36,26,12,136,68,1
95,87,55,71,8,14,61,41,5,119,1
51,64,85,26,8,78,72,1,67,17,1
14,28,80,50,64,36,76,30,67,62,1
74,9,53,119,109,76,34,87,5,93,0
107,68,69,30,35,100,75,41,31,22,1
84,106,54,64,53,56,26,7,39,55,0
32,83,137,10,37,95,25,71,16,35,1
17,93,31,30,16,114,84,135,11,68,0
35,44,2,123,23,30,71,64,34,70,1
39,5,12,100,36,86,32,44,9,108,0
35,31,2,85,64,110,74,128,1,11,0
23,93,26,19,71,88,77,50,36,138,0
25,67,120,97,41,39,90,106,85,56,1
14,8,84,21,96,101,71,1,42,26,0
98,85,40,35,138,10,14,49,45,87,0
6,8,14,26,35,42,2,5,22,37,1
35,49,29,30,20,6,21,2,5,64,1
35,49,14,30,44,31,8,6,21,37,1
41,32,68,27,34,136,53,93,63,39,1
74,114,104,83,35,7,101,8,33,48,0
70,14,11,53,74,47,5,28,99,22,0
1,93,5,30,129,2,128,21,44,35,1
105,21,42,27,62,30,14,15,35,6,1
5,85,62,138,12,113,94,128,87,99,0
44,71,17,30,37,34,26,31,93,19,0
14,11,52,51,97,54,86,31,121,41,0
96,47,105,8,1,14,10,65,59,74,1
109,36,17,44,59,99,95,34,1,113,1
14,106,6,67,56,35,9,83,53,81,1
6,31,113,69,54,105,93,75,64,104,0
104,2,55,44,59,106,110,119,135,18,0
34,62,30,6,96,100,2,8,31,13,1
9,2,8,76,68,86,35,41,21,102,1
69,41,35,88,75,138,113,126,19,17,1
43,44,75,102,2,8,88,9,42,56,1
8,112,50,101,77,6,93,62,23,14,1
70,62,97,123,21,137,86,67,32,100,0
49,17,30,21,6,39,19,12,100,87,1
74,8,14,5,99,84,114,64,11,27,0
78,110,6,74,10,128,9,105,22,114,1
111,84,2,126,89,26,41,104,113,51,1
67,49,39,75,26,68,114,84,90,100,1
83,93,75,97,126,44,34,85,72,96,1
68,93,5,100,78,27,84,1,104,13,0
26,110,30,72,82,49,1,14,62,16,0
23,75,67,112,59,7,65,86,49,8,0
99,93,30,72,113,71,64,62,8,104,0
102,9,6,1,91,93,76,32,38,119,1
114,93,129,30,111,14,86,17,123,97,0
60,87,11,6,40,36,7,21,50,44,0
69,19,21,84,70,2,9,75,73,18,0
93,19,106,84,113,138,28,26,10,5,0
22,93,27,54,74,5,53,14,44,80,0
27,62,120,85,138,56,97,26,76,53,0
86,104,23,99,66,9,33,41,87,43,0
4,93,30,68,27,22,1,32,19,34,0
105,97,74,11,32,129,138,14,119,50,0
137,35,90,74,82,64,19,56,13,105,1
19,86,84,64,138,20,71,107,2,5,1
1,104,112,74,88,72,19,4,56,50,0
10,49,5,97,35,14,105,1,86,71,1
32,101,22,84,6,2,1,120,86,30,1
20,69,50,46,70,14,100,35,103,11,1
30,39,69,138,129,110,21,100,114,106,0
35,29,5,42,64,72,11,12,71,112,1
26,126,70,14,58,64,75,35,73,5,0
68,7,46,43,35,91,32,40,63,138,1
44,95,86,11,50,21,123,14,110,5,0
5,56,74,22,14,62,33,26,102,59,1
123,46,50,7,42,60,84,75,2,39,0
93,121,83,27,17,99,105,25,65,113,1
44,9,5,13,14,42,71,37,138,128,0
93,26,126,5,104,30,87,82,61,56,0
42,89,82,35,114,30,5,59,8,11,0
10,119,56,5,43,32,84,1,70,34,1
35,20,5,2,49,26,14,29,6,47,1
30,84,14,13,93,137,7,6,104,26,1
71,26,56,62,87,28,44,19,4,119,1
36,55,23,91,6,105,93,22,21,75,0
85,60,27,64,23,8,17,13,14,7,0
92,135,53,63,52,36,12,32,128,27,0
11,1,8,62,74,14,4,84,30,86,0
86,102,1,121,45,32,97,19,5,44,0
82,7,71,95,23,63,47,84,81,72,0
2,34,50,8,64,6,76,87,75,29,0
54,101,38,11,129,37,34,60,50,95,0
11,67,50,14,9,27,13,71,93,36,1
85,101,62,37,100,123,14,63,64,92,0
107,35,91,36,47,137,6,14,43,120,0
46,10,63,93,86,44,59,84,110,14,0
35,22,30,29,14,21,6,26,8,44,0
9,11,64,2,67,84,36,75,106,86,1
104,39,57,35,8,41,74,9,108,30,1
93,17,14,52,20,86,2,67,36,30,1
84,128,17,71,51,18,23,1,5,35,1
74,30,6,71,9,13,12,123,2,35,0
81,64,91,1,138,3,22,49,45,44,1
73,129,7,37,8,128,104,93,43,86,0
129,22,70,75,123,88,11,30,63,87,1
60,37,114,1,34,67,13,101,85,100,1
32,8,105,111,19,113,34,81,21,44,1
104,97,54,75,9,26,85,13,33,67,1
8,26,138,54,40,28,88,1,21,45,1
65,109,31,19,68,14,75,120,85,138,0
106,137,69,74,104,138,46,71,123,57,0
88,119,135,102,14,75,47,76,107,93,1
64,120,90,56,6,50,104,40,114,35,0
57,14,83,67,64,99,23,86,35,58,0
8,35,40,75,44,86,71,34,48,45,0
74,40,15,138,63,50,44,14,68,53,0
2,106,72,109,30,65,53,138,26,22,1
30,4,14,93,8,67,26,60,56,27,0
73,30,106,14,63,104,85,18,126,35,0
36,9,90,35,44,86,94,85,50,39,0
72,105,8,26,96,75,87,138,1,23,1
2,99,56,110,74,100,25,22,135,21,1
101,99,53,30,98,6,75,8,90,7,1
14,93,84,28,11,26,22,21,97,8,1
82,99,123,31,41,113,21,98,75,62,0
1,63,2,14,68,30,59,111,6,35,1
2,123,15,76,64,83,74,71,11,9,1
14,93,98,20,65,107,30,86,70,74,1
103,4,113,109,35,108,34,60,6,27,1
22,47,26,36,31,94,20,43,18,37,0
17,89,138,93,136,44,23,68,70,49,1
3,96,13,4,22,93,32,68,85,26,0
18,42,5,75,123,83,93,36,32,73,1
44,80,33,14,49,21,99,75,62,126,1
101,75,6,23,64,11,14,7,4,104,0
11,8,69,9,84,129,93,75,63,62,1
86,114,46,10,27,11,106,26,14,49,0
120,22,75,35,62,23,30,74,25,42,1
73,107,83,66,91,28,114,57,53,105,1
29,84,20,35,47,68,101,112,12,63,1
15,72,19,20,44,33,25,22,4,14,1
50,39,51,67,85,86,44,69,30,16,0
72,128,47,51,13,100,54,48,6,64,0
42,11,85,81,112,46,1,123,26,2,1
84,104,14,43,44,22,95,26,69,80,0
91,19,41,80,75,6,104,105,72,21,0
104,32,51,8,30,101,48,98,111,12,1
22,95,36,48,30,101,119,44,40,45,0
25,104,7,30,9,96,8,76,2,112,0
35,101,91,99,14,109,30,104,74,44,0
119,30,80,106,8,87,103,36,67,7,0
21,18,87,95,90,1,10,110,71,64,1
1,27,8,5,67,35,104,26,36,48,0
85,22,84,51,68,74,10,49,14,96,0
15,91,39,31,93,114,100,112,49,22,1
83,14,138,85,109,106,8,108,86,7,0
22,64,31,6,49,47,35,37,42,20,1
14,44,21,26,22,47,30,42,8,31,0
85,2,67,74,30,28,119,56,14,6,1
39,45,76,35,93,85,73,27,8,17,1
41,102,106,74,9,120,11,64,93,68,1
10,21,64,135,30,6,36,74,16,101,1
54,30,17,7,100,5,2,138,44,113,0
4,135,114,74,5,17,37,86,35,2,1
3,70,78,20,129,86,26,77,137,18,0
93,64,72,120,96,50,2,5,53,4,1
138,20,1,137,68,28,35,87,119,18,0
6,121,98,47,86,64,44,59,138,87,1
114,100,35,4,88,6,120,26,36,23,1
85,80,74,99,95,32,92,56,57,82,0
14,71,72,106,119,7,64,104,10,110,0
70,107,56,75,138,34,9,1,31,14,1
128,44,7,53,30,137,27,93,69,74,1
1,13,37,36,85,119,77,46,28,86,0
137,8,95,126,120,29,17,104,56,74,1
20,44,80,2,11,32,63,6,71,14,1
59,104,35,27,6,87,42,106,123,120,1
74,93,11,50,60,40,44,26,22,14,1
18,128,101,7,32,22,104,5,35,126,1
7,8,32,4,26,9,30,18,10,34,1
83,31,32,97,61,87,35,84,40,69,0
1,34,83,5,135,21,69,35,17,14,0
22,100,18,84,6,64,9,85,67,21,0
84,93,136,34,69,49,67,87,138,86,0
17,101,28,95,113,11,38,53,102,26,1
62,58,86,68,7,30,76,5,6,33,1
2,44,92,9,74,105,97,138,26,29,0
14,63,114,26,76,8,31,69,104,121,0
6,35,31,9,76,14,113,56,26,104,1
14,74,40,70,97,37,72,138,82,85,1
17,86,128,44,63,27,36,2,48,20,0
44,97,14,120,32,34,100,74,83,70,0
68,71,13,11,34,46,8,33,99,64,0
74,120,109,123,64,44,77,76,87,19,0
89,8,121,67,111,47,37,73,9,14,1
71,44,113,61,95,15,14,105,18,47,0
72,53,21,5,4,104,86,96,9,128,1
30,6,114,27,96,44,87,21,14,52,1
22,16,19,14,109,35,26,96,76,71,0
105,14,41,72,64,35,11,75,63,106,1
120,34,102,6,64,48,75,41,11,21,0
14,96,50,69,56,105,121,106,109,83,1
30,71,113,106,59,35,99,8,64,43,1
49,62,123,11,14,6,104,80,30,88,0
7,84,5,93,28,2,26,14,74,22,1
71,98,67,86,65,129,85,6,47,72,1
123,17,21,41,119,67,104,15,81,85,1
2,53,87,41,15,5,46,27,51,93,0
14,67,21,28,22,45,87,36,56,93,0
31,15,25,26,47,30,1,22,120,84,0
138,86,75,44,137,97,93,87,9,11,0
100,6,60,14,11,75,67,106,101,28,1
5,91,22,10,7,97,14,44,104,74,0
27,41,84,74,19,123,93,88,7,105,1
9,6,69,50,135,44,59,128,86,136,1
63,1,31,64,106,84,95,76,104,101,0
67,47,39,18,71,105,14,107,59,22,0
40,1,84,75,37,105,108,48,138,74,0
13,112,32,2,121,31,100,70,65,50,1
44,128,82,40,30,84,113,53,77,10,1
4,5,33,25,103,104,44,95,106,59,0
80,83,2,8,16,28,106,30,101,70,1
86,41,53,64,34,6,26,14,27,17,1
5,14,73,35,104,26,44,50,25,75,1
44,35,22,47,29,68,21,104,128,9,0
138,89,109,49,14,26,8,35,126,101,1
44,75,31,7,108,50,2,30,136,1,1
64,85,106,138,5,20,91,93,6,36,0
75,100,53,70,13,9,86,22,63,120,1
121,92,21,123,89,128,38,35,107,76,0
26,64,44,6,21,37,14,35,29,42,1
5,42,29,21,14,30,37,47,8,44,0
59,6,74,105,135,10,123,97,28,47,0
53,70,83,105,21,39,35,42,11,46,0
89,84,129,27,100,101,34,37,8,96,0
19,8,32,75,90,68,26,126,136,56,0
47,114,71,64,11,21,70,37,99,86,0
138,44,30,6,87,41,20,74,68,71,0
49,86,30,58,80,93,31,14,11,123,0
85,1,138,44,32,14,106,9,99,5,0
6,67,101,84,99,63,71,14,80,123,1
84,86,22,67,11,26,70,85,7,56,0
44,14,22,6,30,86,11,68,26,74,1
93,59,97,36,58,99,104,28,22,27,1
64,8,0,14,47,42,30,31,49,2,1
9,17,71,75,41,56,2,11,123,50,1
106,74,44,96,86,34,91,93,62,8,1
2,48,23,22,85,43,121,44,114,50,1
70,72,126,30,22,51,74,23,4,86,0
27,109,101,63,26,137,75,18,90,8,1
44,63,123,30,97,10,85,20,56,62,0
121,22,100,104,11,108,39,135,30,8,1
14,38,119,74,114,123,54,51,104,22,0
30,97,45,8,42,76,29,26,6,11,1
36,81,42,45,14,50,23,1,29,72,0
96,87,83,94,7,2,44,120,30,14,1
121,95,74,21,1,14,26,35,42,76,0
56,98,67,22,7,104,25,11,39,21,1
5,138,53,44,101,121,84,1,15,49,0
22,19,101,26,44,62,10,48,8,9,1
14,9,41,129,102,2,35,36,66,70,0
8,90,76,73,4,15,26,98,27,84,0
59,36,1,45,27,50,9,44,72,6,0
30,75,63,77,95,84,41,138,59,64,1
69,105,76,6,83,137,35,63,138,9,0
58,128,33,87,56,137,102,76,77,19,0
70,128,7,9,36,84,96,5,41,44,1
76,136,41,36,96,23,1,14,135,37,1
54,46,40,87,99,5,32,76,75,6,0
68,14,70,27,80,104,75,86,54,31,1
95,84,50,48,97,67,71,44,63,85,1
75,19,51,45,47,93,26,86,50,53,0
69,126,72,8,30,40,129,23,7,5,0
113,35,37,75,51,30,50,8,11,26,1
10,30,21,68,57,71,35,26,6,107,1
67,9,30,53,77,56,72,63,105,135,0
114,77,35,129,86,119,138,46,14,53,0
85,7,36,64,93,101,86,28,1,75,0
93,58,72,123,14,84,109,1,11,30,1
101,18,11,102,45,27,35,19,6,52,1
1,21,119,27,60,2,35,84,128,30,1
48,104,7,8,21,86,35,79,60,22,0
17,121,123,8,49,4,87,74,100,72,0
46,40,97,56,27,101,104,64,84,44,1
48,26,70,104,59,120,30,138,47,22,0
135,64,6,40,47,10,75,33,107,114,0
138,44,5,32,67,8,28,96,65,87,1
123,75,93,72,85,89,113,9,60,27,0
98,28,44,14,1,11,63,102,2,86,1
71,93,72,3,74,6,61,59,91,7,0
7,1,27,97,86,32,15,14,56,138,0
106,129,39,64,31,35,88,19,96,50,0
71,11,6,31,72,104,83,14,15,86,0
71,29,123,120,138,14,97,93,37,6,1
41,34,104,101,74,76,42,84,8,128,0
22,99,1,128,103,76,14,51,35,12,0
96,11,31,109,121,67,7,57,42,14,0
80,87,8,102,29,9,27,47,2,11,0
40,129,22,31,48,8,64,35,47,26,1
2,63,81,5,97,42,26,52,75,73,1
62,107,93,121,110,120,17,135,113,9,1
81,12,138,45,74,26,14,1,104,84,0
35,70,30,47,42,84,22,72,88,8,0
21,12,121,60,138,5,129,40,128,95,1
22,28,11,73,87,29,27,6,86,114,1
53,120,64,7,39,138,136,62,14,51,0
21,120,41,14,33,51,7,35,59,26,1
43,19,8,137,76,85,65,6,129,128,0
2,27,25,6,32,101,75,10,113,5,0
81,86,43,110,32,84,71,102,63,94,0
34,97,129,36,54,119,56,30,26,18,0
8,102,9,17,104,53,21,35,41,14,1
106,77,71,70,30,6,14,7,75,96,1
128,21,97,44,75,9,32,120,1,37,0
39,48,14,104,26,49,55,114,111,75,1
99,9,126,80,62,42,56,40,113,86,1
11,6,1,91,105,53,99,71,43,126,1
51,86,11,59,5,89,82,36,71,54,0
33,59,36,81,101,93,129,16,57,72,1
32,100,86,6,15,42,90,129,45,113,0
105,81,25,23,113,6,7,14,62,36,1
52,50,70,113,78,87,68,1,69,9,0
14,26,99,10,104,2,53,35,94,64,0
33,67,46,86,85,128,101,6,108,136,1
19,56,76,50,2,14,36,6,30,85,1
1,31,96,74,77,60,34,22,10,59,1
123,33,30,93,98,14,137,17,85,114,1
28,49,42,104,79,66,108,76,12,26,1
106,38,11,21,50,2,87,107,95,23,0
99,35,114,68,84,20,71,86,2,93,0
8,11,136,99,138,47,43,26,68,19,0
2,34,50,8,86,126,35,67,27,81,1
6,137,138,25,105,76,56,111,135,107,0
136,46,16,1,123,129,86,8,5,21,1
113,77,120,23,61,63,107,25,21,81,1
14,12,88,101,104,25,97,37,30,70,1
32,86,93,33,29,40,23,75,6,69,1
104,74,41,50,14,6,11,86,40,96,1
35,85,17,2,62,65,69,31,86,93,0
51,104,67,27,75,101,26,41,2,76,0
16,64,129,22,6,30,28,123,35,41,0
119,30,113,16,1,45,112,56,64,120,0
74,126,32,1,86,64,92,129,6,110,0
32,44,84,48,29,47,6,2,40,104,1
26,32,11,84,49,58,73,93,81,71,1
12,5,25,22,34,42,44,11,30,128,0
137,53,31,93,95,80,9,54,8,87,1
57,6,90,30,22,138,75,69,8,97,1
121,9,81,111,8,21,56,64,71,30,1
108,135,7,4,85,129,35,137,56,31,0
76,15,4,81,26,21,18,23,30,129,0
87,129,83,52,8,22,26,71,67,97,0
30,26,47,14,96,114,76,74,1,5,1
114,123,25,14,58,99,10,106,36,8,1
26,9,81,8,11,76,30,114,64,69,0
11,19,27,74,26,128,8,51,17,25,0
1,59,75,36,14,64,93,88,51,63,1
14,44,35,70,138,105,58,75,100,6,1
83,96,67,74,86,70,53,72,16,9,0
69,100,11,1,5,14,101,10,7,126,0
69,112,7,111,93,27,14,70,74,87,0
89,59,11,74,100,99,101,26,128,32,1
100,26,114,49,31,75,41,71,23,9,0
109,86,120,80,85,64,73,137,106,27,0
138,44,91,85,17,23,25,101,27,35,1
63,15,73,62,74,135,33,121,88,72,1
5,11,67,4,105,8,109,75,101,104,1
12,30,81,89,70,76,6,5,105,110,0
95,10,64,63,78,77,119,72,26,137,1
106,26,105,78,6,44,60,35,84,102,0
86,138,79,128,83,9,48,106,16,1,1
105,64,109,5,71,123,12,129,74,85,0
44,50,76,42,129,12,97,30,35,121,1
5,14,21,48,106,1,102,56,27,68,0
92,72,100,36,29,101,128,21,13,81,1
26,6,19,37,7,128,53,14,63,21,0
43,19,110,27,36,35,93,120,84,5,0
102,75,101,1,30,28,11,91,71,56,1
1,75,14,21,5,28,64,53,71,44,0
7,26,73,120,40,11,51,126,2,30,0
14,59,89,8,45,136,86,25,105,41,1
53,32,44,27,70,54,62,16,89,30,1
27,9,31,121,138,75,84,97,93,5,1
137,68,11,70,51,97,35,21,31,71,1
78,13,41,107,30,10,26,34,104,105,0
34,71,93,23,26,28,84,99,32,126,1
95,73,41,102,62,44,119,137,26,32,1
59,111,35,7,86,75,2,9,94,34,0
87,41,96,11,40,22,44,36,64,91,1
114,93,75,97,11,60,111,73,14,44,0
138,8,91,27,14,6,75,84,100,51,0
80,26,14,44,30,70,102,76,121,49,0
113,18,40,109,46,16,4,106,105,99,0
14,30,93,114,28,87,13,94,19,75,0
95,1,26,62,17,11,18,99,83,75,0
22,48,71,138,86,9,44,7,67,69,0
1,5,17,30,36,6,74,32,75,129,0
61,59,27,114,30,138,102,1,83,84,0
51,35,23,9,62,114,73,123,67,105,0
53,20,11,13,59,68,90,75,108,14,1
16,10,63,126,129,7,46,105,12,78,1
73,71,92,50,54,11,21,16,82,20,0
14,126,8,72,55,111,95,62,77,128,1
100,14,56,93,26,67,17,7,30,62,0
93,84,75,7,30,85,43,62,29,56,0
84,123,54,59,23,11,104,86,51,44,1
74,95,2,33,72,44,7,30,86,31,0
56,75,5,64,60,86,87,1,42,39,1
72,100,121,136,34,1,14,19,31,35,0
129,1,88,82,64,4,21,75,94,36,1
6,35,5,22,30,47,21,29,37,31,1
26,42,47,5,49,6,29,44,30,14,0
0,0,0,0,0,0,0,0,0,0,0
113,109,47,111,62,59,25,6,105,12,1
4,138,83,23,19,44,86,9,11,114,1
45,75,22,34,93,86,44,138,30,109,0
44,41,53,23,114,84,26,27,137,93,1
93,32,114,7,11,41,63,71,64,46,0
7,30,35,41,57,36,121,81,47,75,0
129,71,109,137,54,73,1,52,80,55,1
29,30,83,9,114,56,64,22,89,70,1
84,104,67,59,68,42,32,62,75,7,1
57,69,64,6,26,104,83,14,11,67,0
44,119,9,34,55,14,30,96,92,93,1
63,113,86,35,64,44,27,53,138,88,1
35,10,105,72,85,70,86,129,87,59,0
67,28,22,75,68,29,27,35,100,44,1
75,98,71,26,73,106,8,66,27,104,0
101,100,11,6,135,93,76,104,71,87,1
14,59,84,64,113,35,44,50,97,9,1
111,109,39,9,43,41,89,83,21,14,0
27,59,138,105,23,20,44,84,74,19,0
95,35,14,22,123,6,85,76,99,104,1
56,31,27,28,11,26,14,1,86,129,1
129,104,62,138,86,75,34,45,41,29,0
84,101,98,58,14,44,18,28,26,136,0
15,106,44,32,105,54,62,36,51,40,1
68,58,101,98,10,64,56,35,94,6,1
35,30,63,68,60,56,5,85,14,2,0
76,14,8,15,91,54,123,137,44,119,0
44,20,15,49,11,25,10,36,14,123,0
97,119,6,138,14,87,93,21,86,4,0
69,138,8,84,88,6,47,100,87,13,1
74,42,31,1,123,2,77,26,6,30,0
50,54,5,95,17,93,126,40,64,97,0
11,106,27,30,14,67,22,6,23,74,1
83,13,31,6,93,37,14,26,94,21,1
60,26,14,41,76,39,36,11,93,87,0
11,123,52,14,72,15,50,62,87,8,0
45,51,11,93,37,137,12,5,42,26,1
76,31,30,1,22,9,62,85,82,6,1
63,62,75,27,52,96,5,80,32,50,1
120,69,68,79,1,50,136,44,26,93,1
62,28,1,86,35,3,94,44,83,8,1
54,14,76,107,50,9,106,114,2,87,1
48,26,22,63,53,110,30,6,20,104,1
26,11,86,62,6,9,21,48,22,60,1
104,14,44,50,100,11,22,90,137,63,1
36,69,25,14,80,101,41,75,7,35,1
44,8,29,5,64,22,49,6,35,30,0
25,5,84,19,93,50,75,62,11,67,0
1,123,2,90,84,104,114,22,6,62,0
120,97,73,11,80,28,30,137,54,22,1
45,8,30,98,84,83,14,104,25,93,0
93,31,42,67,36,138,22,86,6,26,1
16,11,5,109,74,12,47,27,1,63,1
68,49,54,7,101,5,71,138,52,44,0
11,85,54,91,30,93,120,45,110,14,1
7,5,137,39,67,6,106,26,107,104,1
11,102,5,93,128,99,71,17,1,30,1
30,6,35,81,97,19,86,83,76,44,0
83,77,74,41,40,26,126,64,14,44,0
68,91,67,49,76,86,56,1,30,2,1
56,10,35,11,106,17,30,129,73,7,1
5,21,31,59,99,34,14,25,26,6,0
97,40,1,128,74,84,64,21,39,44,1
71,90,36,129,55,64,59,101,1,33,0
93,11,60,86,30,114,5,123,7,138,1
22,106,63,52,47,36,101,4,105,135,0
26,7,36,54,35,82,27,11,64,21,0
67,32,28,10,38,7,49,72,14,114,0
44,28,100,95,9,23,99,6,85,73,1
138,32,64,102,14,84,35,44,21,50,0
104,14,11,87,70,9,138,33,93,10,1
56,71,7,40,42,123,111,105,14,54,0
26,35,2,30,21,49,47,64,29,37,1
35,21,6,64,30,26,42,47,49,20,0
32,106,78,47,63,97,49,95,72,128,0
111,1,96,53,40,14,19,5,71,11,1
1,120,84,30,123,26,18,21,35,40,1
65,99,9,114,26,50,93,2,72,53,0
2,99,8,86,84,22,81,111,50,102,0
6,75,14,95,7,12,2,26,74,58,1
55,8,7,23,72,43,4,71,136,45,0
91,28,63,26,11,68,113,56,97,8,0
2,86,97,93,138,62,45,123,1,76,0
77,93,113,84,27,86,135,16,7,22,1
97,128,26,39,42,31,63,71,11,76,1
5,29,49,4,67,6,101,100,63,73,1
32,11,101,106,41,30,42,112,21,67,0
45,11,91,70,27,31,99,1,46,36,1
74,99,41,64,137,84,106,54,7,44,1
35,105,19,68,21,44,53,138,64,47,1
17,54,28,30,27,85,8,50,69,36,0
62,128,2,14,57,63,105,75,89,83,0
129,33,70,44,91,62,29,83,15,104,0
27,35,40,28,67,30,85,98,47,1,0
30,6,97,3,34,93,64,22,43,111,0
97,71,101,34,44,21,73,85,103,26,1
95,82,27,34,5,47,84,22,10,30,1
14,62,84,42,114,123,135,70,20,8,1
113,72,114,1,105,2,70,86,14,50,1
75,2,137,106,59,19,74,114,27,43,0
4,49,7,48,26,14,6,50,35,33,0
119,26,4,97,14,10,74,111,85,62,1
104,100,6,39,87,5,53,8,14,3,1
1,14,44,35,53,26,21,121,76,5,0
9,37,98,64,100,73,27,59,137,113,0
8,87,82,74,70,50,62,97,42,35,1
22,58,48,105,4,14,51,91,56,30,0
100,54,26,14,30,50,25,39,87,6,1
68,44,138,50,27,71,2,41,10,119,1
86,37,35,8,43,23,64,93,25,104,1
70,22,74,11,5,14,23,86,113,41,1
46,13,114,21,72,44,108,95,128,86,0
18,5,74,53,30,105,15,135,36,51,0
91,60,6,31,83,53,56,50,1,25,1
103,102,17,75,6,27,7,84,25,8,1
101,86,114,47,94,2,105,106,128,36,0
123,104,56,59,86,41,37,72,103,106,1
43,8,111,65,84,57,20,82,93,14,0
21,46,72,17,26,135,101,119,104,34,1
86,6,119,36,18,100,70,138,101,9,0
86,35,44,110,46,19,28,20,67,16,0
138,100,76,15,8,1,12,36,64,41,0
135,6,119,106,71,104,39,18,72,25,1
8,27,62,17,34,83,95,53,106,112,0
11,97,31,70,72,13,64,106,98,37,1
17,26,1,19,46,29,75,8,74,16,0
113,105,36,71,120,23,6,50,78,35,0
17,60,109,87,81,1,72,26,4,96,0
31,123,110,22,1,34,7,43,35,128,1
63,5,39,56,84,123,16,25,35,98,1
31,36,35,1,84,76,11,86,108,50,1
11,35,93,2,34,64,56,54,41,68,1
1,126,119,14,71,29,19,9,101,35,1
86,99,44,112,9,49,73,6,39,31,0
21,54,50,49,19,123,1,135,106,7,0
36,49,39,35,15,14,135,20,68,11,0
8,83,21,109,49,41,6,11,30,14,0
39,128,33,114,104,110,2,93,27,43,1
52,22,114,80,16,90,72,51,99,27,1
44,34,84,54,19,1,123,56,90,135,0
44,113,64,111,14,23,58,29,93,22,0
62,14,17,44,75,107,89,78,10,137,0
25,106,18,12,13,14,36,68,75,8,1
86,44,128,14,105,3,11,26,55,41,0
63,12,120,9,61,82,38,53,89,32,1
90,73,138,72,137,42,97,48,83,31,0
47,8,49,26,37,22,42,64,21,5,0
6,35,27,11,128,1,85,10,7,5,0
106,5,105,129,114,17,67,36,28,88,0
15,3,84,6,21,136,60,35,114,68,1
56,84,75,47,98,51,32,137,48,21,0
67,64,138,98,21,22,2,56,85,101,1
5,129,35,12,21,1,87,98,123,34,1
21,32,87,8,38,5,11,1,93,16,1
60,11,12,88,22,74,100,93,35,86,0
112,94,72,56,21,64,123,109,26,14,1
112,71,106,1,64,100,8,11,21,85,1
50,21,104,67,74,11,31,109,99,114,1
14,138,68,34,4,64,56,7,5,1,0
6,45,14,50,11,1,97,104,100,84,1
9,104,128,119,58,57,22,106,1,23,0
41,22,64,6,14,56,54,26,74,70,1
58,30,67,74,2,62,14,97,8,82,0
7,97,113,91,8,65,63,123,28,72,1
25,123,53,112,104,35,30,91,138,7,0
79,70,59,93,38,6,82,5,2,27,0
93,27,22,72,43,14,60,36,10,31,0
138,44,14,20,34,45,10,36,74,37,1
58,88,85,38,12,42,108,59,120,74,1
22,47,128,18,31,109,112,70,30,120,1
39,70,28,64,30,105,38,56,6,137,0
65,9,49,102,72,67,100,87,13,20,0
49,64,17,73,51,114,6,7,48,21,1
123,21,30,71,70,6,121,87,85,44,1
43,96,9,78,7,123,99,77,136,119,1
86,16,93,42,27,114,30,92,47,102,0
114,62,31,58,22,5,66,25,99,102,1
30,29,47,6,37,22,26,8,49,64,1
29,5,64,6,2,47,8,35,26,30,0
76,22,99,84,6,19,79,93,114,74,1
53,7,41,87,21,6,14,64,28,104,0
44,19,64,1,99,59,30,101,67,95,1
111,99,56,64,10,86,93,14,57,42,0
79,138,48,86,64,37,102,19,67,30,0
97,123,36,7,48,64,86,11,84,135,1
9,94,81,123,48,100,89,120,64,47,0
31,101,29,8,7,102,56,46,27,30,1
74,70,86,44,32,1,4,5,14,7,1
19,70,44,14,109,59,96,50,42,5,0
79,1,67,123,50,27,73,68,21,80,1
121,102,13,67,25,64,129,81,22,35,1
46,53,97,8,16,108,129,6,70,36,0
13,79,49,64,12,100,93,86,51,106,0
15,28,22,72,27,67,74,32,83,23,0
89,65,22,74,1,103,60,33,97,58,0
121,19,7,63,128,21,13,123,6,16,1
51,62,7,17,10,81,86,34,104,126,0
5,110,9,67,119,91,8,33,14,4,1
32,14,59,81,26,77,44,101,95,87,1
27,86,18,15,35,99,39,14,64,98,0
26,64,106,69,10,56,19,85,30,138,0
23,68,102,114,46,87,76,54,29,14,0
8,44,6,30,20,138,14,22,26,29,0
59,67,104,26,13,31,47,70,9,88,0
101,41,106,70,103,74,71,14,44,26,1
58,14,7,26,86,10,2,27,19,123,1
16,26,128,15,102,23,14,1,83,123,0
46,138,40,64,44,113,14,121,102,31,0
6,35,27,57,100,22,51,10,4,85,0
44,135,56,37,79,86,2,95,35,84,1
11,6,105,138,2,8,52,9,23,14,1
7,25,52,94,27,84,8,68,41,120,0
60,105,86,67,80,39,104,14,44,30,1
2,20,14,49,44,42,29,6,64,5,0
90,15,4,46,88,5,35,3,10,14,1
44,32,39,87,48,71,74,35,86,45,1
43,106,75,119,1,5,56,6,104,86,1
100,129,84,45,138,96,72,26,76,11,1
29,74,30,104,11,14,120,138,22,121,0
53,30,82,6,14,63,104,86,93,123,1
14,95,136,63,106,108,101,93,26,21,1
44,11,123,69,136,80,71,5,100,63,0
76,67,30,136,105,22,6,56,110,98,1
128,70,14,113,31,54,64,138,21,84,0
68,45,70,33,62,14,38,54,26,53,1
106,79,123,100,103,25,19,34,56,6,1
56,5,72,44,77,1,30,114,102,101,0
30,76,36,29,93,44,61,26,73,95,1
89,8,14,51,74,58,34,25,27,11,1
101,7,74,6,16,44,26,31,42,25,0
119,2,138,69,26,93,84,99,14,101,0
70,137,64,28,21,5,54,29,17,75,0
98,67,35,26,15,36,23,53,44,48,1
14,8,28,5,34,98,26,89,114,74,1
32,12,14,75,9,87,135,86,69,15,1
94,86,39,98,63,99,26,128,6,48,0
44,27,137,103,17,59,110,60,56,64,0
47,52,110,31,18,64,25,69,104,56,1
28,58,5,21,15,8,14,64,137,30,0
86,69,26,34,2,14,54,105,64,28,1
94,84,9,5,27,6,50,47,114,44,1
93,11,30,36,50,6,97,5,80,27,1
14,64,89,97,9,53,71,74,21,46,1
47,1,90,53,8,75,11,79,58,27,0
100,26,27,91,10,30,69,8,5,11,0
6,32,58,60,59,100,5,1,68,74,1
30,109,31,106,2,14,8,108,123,72,0
82,70,102,11,90,33,104,21,3,59,1
138,85,5,60,72,100,6,36,9,69,1
1,128,34,135,123,110,85,35,54,84,1
69,119,72,46,12,41,43,32,88,13,0
10,9,32,53,100,76,106,72,19,112,0
123,46,86,44,6,112,42,85,58,14,1
96,36,4,11,19,44,84,123,52,94,1
10,16,83,37,76,69,95,74,26,110,0
17,96,19,106,56,30,49,15,109,14,0
23,109,74,83,105,44,42,56,33,31,0
11,8,4,27,95,53,99,47,70,34,0
53,71,1,5,47,75,39,8,106,129,1
76,29,93,2,123,6,84,80,87,36,0
75,101,64,35,70,32,119,83,2,22,0
104,31,28,35,56,44,9,16,14,17,0
33,119,44,100,32,138,15,73,34,84,1
129,136,6,87,100,7,137,55,35,84,1
34,7,93,86,135,52,91,100,67,87,0
40,35,21,42,101,44,84,56,36,30,1
42,76,7,31,32,10,26,57,2,93,1
44,42,49,5,26,35,29,21,31,30,1
22,56,28,34,101,114,35,75,104,21,1
47,8,26,135,86,36,105,98,95,14,1
22,11,93,14,28,1,31,8,64,69,0
101,27,11,69,54,105,120,137,8,20,1
86,14,96,85,26,46,84,44,30,18,1
104,62,8,91,82,49,105,46,35,119,1
93,91,123,14,71,32,36,3,52,38,0
19,135,70,5,42,7,48,40,72,101,0
120,35,21,2,15,25,99,46,91,106,0
70,49,26,50,119,93,14,103,72,51,1
14,21,64,70,19,35,96,30,9,8,1
5,43,8,74,72,9,104,27,76,6,1
123,70,106,56,90,21,94,1,18,13,0
26,5,2,11,44,30,27,67,46,75,0
23,84,14,54,17,40,21,113,35,99,1
95,30,11,87,43,102,86,65,26,8,1
105,53,136,30,14,15,17,4,8,5,1
2,23,136,105,18,70,31,138,28,101,0
69,36,86,74,10,50,96,5,11,93,1
35,85,101,138,67,56,99,59,89,64,1
6,99,104,74,29,76,41,2,112,71,0
64,102,1,31,123,8,65,7,35,87,0
2,59,70,76,62,128,56,30,54,69,1
7,88,14,63,23,54,72,26,62,34,0
114,7,9,8,85,14,28,75,6,87,1
71,109,21,123,10,6,62,119,49,8,1
67,37,2,123,39,71,36,54,70,84,0
95,62,99,23,27,123,68,54,94,22,0
64,50,93,120,2,22,97,54,81,30,1
138,48,14,85,62,22,102,7,41,123,1
93,62,41,120,54,84,48,2,114,14,0
68,53,89,46,8,104,35,74,5,27,0
43,51,23,11,114,14,40,47,62,71,1
34,36,8,105,121,6,30,44,119,49,1
56,1,97,68,36,25,44,101,105,87,1
86,36,47,8,2,83,44,63,56,84,0
4,28,87,22,13,54,37,41,50,30,0
76,20,87,70,2,114,105,86,59,67,0
37,85,12,11,29,104,44,7,106,30,1
2,8,101,85,9,77,67,14,111,11,1
72,57,102,106,1,101,71,6,84,45,1
87,80,91,96,67,84,56,11,7,97,1
14,31,64,101,93,56,47,74,114,87,1
65,48,98,46,71,15,119,3,104,53,1
57,31,109,76,32,21,91,138,30,64,1
35,108,1,7,32,18,31,9,40,93,1
28,64,31,93,14,27,1,126,123,69,0
10,30,87,51,56,123,6,60,17,25,1
12,99,47,36,37,1,81,90,7,88,0
54,87,99,31,17,22,4,84,27,28,0
36,19,62,5,34,87,14,84,8,26,0
37,103,2,75,126,8,6,79,14,5,0
20,14,54,22,44,71,2,41,75,88,0
84,138,10,2,40,111,58,85,11,17,0
41,32,71,34,36,135,99,18,62,113,0
11,39,1,78,44,26,123,104,41,10,0
18,21,72,120,86,91,48,129,128,13,0
67,75,69,23,52,44,22,60,64,11,1
3,47,76,1,28,68,14,36,98,56,0
33,23,25,64,11,59,2,104,136,85,1
2,42,49,37,20,6,29,8,31,35,0
105,8,104,44,55,1,2,106,36,5,1
120,100,87,93,7,50,22,47,41,128,0
109,8,74,103,1,5,67,2,14,92,1
2,80,93,86,64,8,129,14,25,87,1
11,84,14,105,120,8,5,17,75,9,0
4,35,63,22,128,60,14,27,114,44,0
27,62,36,86,12,81,71,11,22,17,1
56,84,27,18,30,101,91,126,14,73,1
7,91,73,32,26,89,135,51,54,21,1
106,70,135,50,75,100,30,67,89,14,1
84,36,1,35,85,69,48,123,111,9,1
41,14,75,42,35,25,30,62,4,126,1
7,103,85,10,84,93,111,61,2,30,1
64,75,106,104,26,17,74,12,21,84,0
30,1,96,32,74,34,53,21,86,56,0
70,104,7,46,5,79,69,76,120,83,1
49,44,9,84,28,137,35,101,67,99,1
23,59,50,19,12,67,20,65,89,138,0
41,14,104,75,91,9,8,83,56,60,0
26,35,69,30,65,85,101,32,120,105,0
23,27,7,119,8,13,41,30,32,75,0
8,72,62,76,96,44,101,17,23,103,1
30,44,7,37,119,9,95,78,110,96,0
74,36,86,1,98,49,72,17,10,27,1
109,123,106,35,84,96,121,22,76,67,0
39,44,84,112,36,71,104,58,34,120,0
7,11,20,19,50,44,86,110,30,42,1
102,54,86,2,91,21,30,58,44,105,1
21,97,86,8,17,14,35,22,49,1,0
1,84,85,49,4,27,113,106,6,14,0
135,13,46,7,67,14,85,93,59,88,0
41,11,7,75,31,2,36,100,13,91,1
14,22,49,78,21,60,123,11,33,35,1
113,80,137,88,112,64,93,14,34,76,1
39,30,83,138,7,14,64,71,20,21,0
8,27,63,91,78,28,104,55,86,56,0
86,85,54,44,39,97,2,84,34,67,0
64,21,41,123,7,42,19,30,9,36,0
75,9,102,36,7,10,121,31,4,97,1
2,8,123,4,112,102,83,55,6,138,0
85,93,6,100,14,19,26,114,78,21,0
59,56,92,136,27,106,40,23,26,62,1
96,62,14,95,47,35,90,20,113,67,1
38,97,44,13,32,129,75,14,56,108,0
68,100,70,97,58,86,109,135,62,74,1
32,40,82,59,44,75,28,4,22,105,1
14,38,7,86,99,32,13,44,60,64,0
101,93,104,85,22,54,91,27,16,59,1
126,51,99,6,14,80,50,8,113,89,1
13,35,22,48,101,31,43,14,44,11,1
74,15,4,121,26,6,7,138,104,71,1
64,107,10,77,101,75,34,2,1,26,1
69,30,22,1,7,128,28,11,26,44,1
51,53,62,67,73,32,102,87,74,7,0
36,16,84,67,138,44,92,22,96,74,0
14,84,8,51,33,97,7,11,136,86,1
89,86,8,85,21,27,6,25,14,100,1
20,85,76,35,96,86,101,104,120,23,1
107,104,101,44,50,106,1,30,23,119,1
64,70,99,86,39,6,5,104,14,10,0
41,26,101,86,14,59,53,89,96,4,0
6,102,14,76,22,38,64,86,73,56,1
98,8,123,14,63,30,62,29,22,119,1
7,91,62,56,109,80,27,101,11,6,0
13,45,31,8,2,50,61,36,129,44,1
83,8,19,11,26,86,97,37,101,6,0
135,58,121,70,100,16,94,20,8,119,1
110,26,44,97,121,94,75,69,41,9,0
17,51,75,121,93,74,105,5,49,1,0
88,2,30,8,5,86,41,77,75,109,1
47,43,50,1,2,14,30,8,37,21,0
96,30,120,84,35,23,27,101,86,41,0
126,71,35,14,105,1,84,64,76,28,1
101,104,53,42,74,105,7,22,4,126,0
74,49,88,12,87,33,104,84,120,114,0
91,62,74,10,6,114,82,128,120,12,0
4,22,6,26,28,11,93,30,69,104,1
87,14,6,97,39,91,26,98,22,30,0
29,64,22,20,8,14,49,44,35,30,0
8,37,49,14,21,44,5,29,6,64,0
22,30,42,64,8,6,47,31,14,21,1
9,26,114,98,86,14,36,75,120,119,0
69,54,101,35,30,75,114,72,86,29,0
4,77,68,114,113,21,34,11,54,32,0
62,8,76,44,111,21,112,14,12,26,1
30,34,17,81,47,97,11,68,89,14,1
30,42,27,51,1,26,63,70,34,100,1
75,32,64,10,28,67,13,9,71,63,0
48,9,94,123,114,47,44,136,5,17,0
25,35,126,39,8,43,63,79,75,84,1
11,38,128,50,138,105,79,70,31,104,0
23,70,62,74,128,12,53,15,7,35,1
9,42,84,44,21,96,5,11,86,93,0
14,41,79,33,86,108,123,68,67,137,1
7,71,44,27,11,138,8,29,14,2,1
83,105,69,89,19,123,14,21,61,103,0
50,4,67,20,35,21,6,99,84,36,0
104,110,35,30,44,1,76,70,111,105,0
32,16,21,72,44,62,35,99,138,13,1
84,74,102,41,32,136,30,71,1,86,0
57,109,21,22,135,104,85,72,35,6,0
84,34,74,138,126,1,6,41,63,17,0
14,82,111,2,28,8,62,71,84,11,1
53,86,93,68,36,100,67,14,72,129,0
93,92,8,3,106,32,1,98,5,96,0
8,52,64,14,102,104,84,75,11,119,1
23,71,20,94,26,44,59,30,34,105,1
72,30,67,137,104,39,97,126,44,45,1
0,0,0,0,0,0,0,0,0,0,0
63,7,50,60,75,120,67,123,114,85,1
30,35,54,16,9,74,113,2,100,109,1
16,95,83,22,71,32,29,84,57,35,1
68,120,6,44,26,8,135,57,39,86,0
30,93,27,46,2,15,44,47,67,79,0
138,128,14,99,44,74,40,22,43,100,0
81,31,63,28,4,17,35,100,46,101,1
86,11,68,83,22,17,97,45,70,14,1
136,8,15,51,67,14,45,102,54,73,0
17,5,44,50,48,71,91,35,26,41,1
66,34,30,99,44,13,94,107,110,91,0
53,86,101,58,44,14,47,121,8,97,0
17,8,42,86,20,75,11,13,49,70,0
84,87,41,47,23,123,89,74,104,64,0
44,26,99,35,126,71,53,50,1,59,0
8,19,25,50,104,101,86,114,60,2,1
97,84,26,7,94,93,14,17,85,28,1
85,135,119,55,112,2,22,20,11,56,0
103,101,4,27,74,22,94,93,84,123,0
6,129,40,30,64,113,26,104,44,92,1
37,21,30,22,35,49,31,64,47,8,0
6,37,49,5,29,35,22,31,44,30,1
21,64,31,49,29,8,42,44,14,37,0
1,68,92,50,87,70,95,35,14,22,1
74,7,14,114,2,42,75,137,86,30,1
13,17,14,29,35,71,74,121,112,54,0
67,35,31,71,22,123,11,30,14,1,0
87,75,96,101,41,47,86,106,1,105,0
27,35,75,42,6,80,36,72,10,53,1
50,14,9,67,35,44,5,123,30,28,1
4,71,16,107,83,29,2,102,62,81,0
97,89,105,22,90,12,49,27,7,100,0
114,126,52,13,56,62,84,137,72,76,1
18,40,62,36,98,20,99,93,50,44,0
2,42,49,14,37,30,8,35,20,22,1
36,114,5,14,15,11,100,2,26,136,1
75,60,35,69,9,7,4,74,21,55,1
73,34,35,45,88,100,76,5,93,106,0
119,126,56,43,33,30,50,1,114,14,0
31,35,86,29,6,11,27,138,69,67,0
64,66,108,45,67,91,32,8,88,98,0
34,62,76,64,2,11,48,9,112,104,1
11,104,35,105,43,18,5,95,26,39,1
128,27,80,81,53,86,60,34,1,11,0
82,54,71,27,26,50,25,34,16,135,0
69,123,10,128,22,101,138,70,97,102,1
31,25,96,95,39,84,85,9,14,34,0
102,119,36,93,84,110,138,37,71,81,1
74,78,5,101,93,44,33,86,114,111,0
32,4,35,94,99,90,6,42,88,85,0
63,9,25,42,26,5,71,58,23,93,1
96,113,50,107,1,91,6,32,86,23,1
22,11,7,95,25,110,34,28,36,101,1
9,106,11,100,128,1,22,114,120,64,0
11,79,58,136,8,96,26,71,48,22,0
80,27,71,93,69,39,36,72,31,18,1
99,93,26,7,45,23,121,94,86,59,1
101,50,71,10,98,33,76,7,70,30,0
27,6,120,59,30,46,4,85,100,44,0
91,8,16,74,30,6,45,31,106,128,0
101,79,21,84,12,48,46,82,129,121,0
5,21,11,41,30,44,104,85,57,54,1
14,26,74,17,11,137,34,70,19,84,1
2,30,6,42,22,45,44,53,14,11,0
39,27,30,109,88,71,104,138,84,74,0
71,27,46,19,44,25,89,2,64,101,1
26,40,93,14,75,11,46,53,44,71,1
83,86,7,59,106,30,23,138,35,68,0
100,10,48,102,22,23,1,138,17,86,0
92,104,105,12,11,128,114,53,33,9,1
14,39,105,93,71,40,11,41,72,15,0
34,27,50,104,81,44,30,71,75,7,0
34,6,42,30,19,93,26,104,35,112,1
64,59,44,72,51,10,128,16,91,8,0
80,138,5,76,100,81,31,16,23,119,1
119,60,113,59,8,101,86,120,64,44,0
44,123,51,72,87,26,86,104,93,6,1
27,15,10,50,101,74,14,20,93,108,0
64,93,49,31,62,85,53,114,106,60,1
95,6,59,44,14,72,58,80,1,17,0
44,34,21,25,29,35,104,128,9,89,0
123,104,100,42,75,69,128,59,114,68,1
35,3,54,72,14,73,22,70,71,64,0
22,49,64,37,21,30,47,14,42,35,1
40,14,70,114,137,96,2,126,35,53,1
50,26,11,28,4,120,87,74,20,93,1
54,17,30,99,31,136,11,87,84,45,0
75,95,26,109,68,104,128,64,93,97,0
31,11,76,70,138,22,101,74,104,1,0
96,11,44,87,74,51,40,56,64,137,0
33,44,25,70,34,4,58,63,85,74,1
67,12,35,45,93,53,137,85,8,59,0
13,83,26,49,8,91,114,17,123,89,0
72,59,45,34,136,42,8,123,138,99,0
105,30,129,11,75,58,97,9,12,89,1
9,136,19,120,70,113,8,104,68,85,0
67,68,80,63,51,26,21,114,35,73,1
59,35,97,32,55,25,126,77,14,73,1
59,99,26,27,121,97,114,29,22,13,1
2,120,12,1,107,100,71,11,87,70,0
8,64,47,21,30,42,35,6,31,5,0
2,21,64,29,31,44,5,6,37,8,0
71,72,41,19,99,105,31,13,23,1,0
44,137,121,54,22,14,15,128,104,69,1
26,8,70,34,81,93,128,30,17,21,1
44,86,67,14,95,73,126,1,23,19,1
30,98,6,42,19,56,128,83,13,14,1
50,44,26,96,21,36,123,41,72,47,0
11,119,86,83,69,34,39,85,28,6,1
50,58,83,89,2,138,135,11,27,106,0
14,2,35,22,12,11,138,62,71,123,1
39,67,119,44,14,74,88,120,101,84,1
104,56,27,45,62,76,54,22,32,75,1
62,99,30,6,14,81,44,16,87,49,1
22,91,62,32,87,28,50,30,7,70,0
44,50,85,128,21,11,30,93,27,2,0
7,64,8,128,62,85,36,30,95,59,0
5,126,93,64,33,19,6,95,1,17,0
103,8,40,113,31,137,100,56,25,75,0
64,29,31,21,42,2,26,49,22,44,1
28,81,26,101,44,72,93,32,6,126,0
52,109,26,102,91,106,46,120,107,83,1
60,80,36,9,74,100,91,6,110,59,1
84,97,6,35,11,72,5,34,48,104,0
101,71,84,6,35,41,85,9,5,93,0
35,62,96,105,136,121,34,48,85,104,0
21,41,102,22,84,35,105,104,26,123,1
20,58,35,67,25,31,26,95,46,69,1
106,97,5,44,86,76,39,21,8,62,1
56,8,42,50,98,6,68,33,82,19,1
63,101,14,105,69,50,99,30,6,74,0
2,68,45,54,36,56,47,23,17,87,1
138,74,30,21,102,14,34,114,11,107,1
4,106,8,30,7,13,35,110,70,119,1
26,96,11,70,27,104,50,98,42,56,1
8,45,57,64,11,41,138,101,9,68,0
32,30,28,59,63,84,90,136,20,11,1
5,84,85,18,99,7,37,6,35,57,1
44,50,114,51,101,35,111,14,84,19,0
64,105,67,62,9,35,2,23,18,31,1
42,109,16,75,7,123,17,99,95,47,1
84,20,119,135,14,36,105,57,128,1,0
121,105,18,137,13,27,84,35,62,34,1
75,83,11,7,128,74,34,30,54,123,1
33,13,36,3,44,16,105,7,54,35,1
64,14,72,1,106,41,23,26,74,86,0
11,14,43,64,67,35,93,68,57,120,0
74,62,5,123,14,85,137,10,2,9,0
101,21,46,18,137,84,74,59,44,119,1
128,2,93,39,26,35,51,48,102,69,0
51,106,10,40,90,9,136,120,69,97,1
71,119,76,64,44,110,73,100,30,13,1
104,86,56,52,119,101,14,16,35,10,1
11,6,18,13,57,72,17,32,71,60,0
5,120,26,12,102,6,34,27,71,43,0
33,56,86,17,84,35,10,68,123,2,1
74,9,30,53,97,129,1,5,11,86,0
26,75,2,13,14,129,21,114,32,87,0
8,19,135,41,36,6,86,67,11,35,0
75,42,30,138,40,35,114,85,95,53,1
95,71,1,54,51,14,84,110,21,26,1
36,21,11,81,43,64,68,96,109,30,0
21,41,85,34,22,84,36,30,14,56,0
21,16,54,15,68,44,31,71,14,2,1
21,2,123,44,84,114,9,70,87,136,0
97,56,76,30,85,96,105,93,120,31,1
17,56,37,123,7,1,79,107,2,22,0
32,30,69,85,1,7,72,129,75,67,0
14,31,93,128,73,107,91,80,129,36,1
8,83,65,114,136,123,6,78,35,64,0
11,52,50,96,10,14,34,40,81,99,0
119,84,86,35,44,27,14,105,93,123,1
29,101,27,6,39,18,5,71,54,35,0
8,138,31,9,71,47,84,99,6,87,0
31,110,138,76,2,71,11,14,36,85,1
29,11,27,48,30,138,114,14,62,101,1
114,71,96,14,56,8,6,45,2,58,0
1,84,99,86,7,93,9,75,135,21,1
123,11,14,44,74,62,84,9,88,75,1
10,45,7,70,53,30,86,44,88,73,0
22,44,21,64,30,20,31,2,47,6,1
47,14,22,26,42,6,20,8,21,5,0
47,35,21,64,14,8,31,20,29,2,1
22,14,20,29,47,6,44,31,64,42,0
62,14,11,35,27,17,32,21,138,56,1
97,44,14,59,123,76,105,5,7,67,0
30,43,53,62,70,35,56,11,23,5,1
22,5,6,23,63,128,10,30,14,96,0
1,135,86,112,113,5,128,26,100,123,1
106,9,81,98,64,76,128,30,129,39,1
44,20,38,138,51,8,104,123,13,75,0
9,84,34,53,6,120,50,35,49,86,1
123,6,27,138,85,42,12,84,74,37,0
44,32,138,86,28,50,49,68,67,75,0
21,84,4,74,97,86,17,135,71,53,1
104,3,74,23,105,123,66,42,136,121,1
11,7,6,23,66,101,39,93,27,74,0
48,76,101,27,102,138,7,83,25,1,1
44,104,74,45,17,95,29,21,105,27,1
35,88,99,80,87,40,74,4,44,42,0
14,6,71,74,84,34,90,99,26,80,1
46,54,104,30,75,98,86,112,81,22,1
17,47,101,123,93,22,62,44,96,86,0
102,90,35,15,18,86,26,71,76,63,0
84,50,137,123,6,138,25,64,85,32,1
111,18,76,104,88,100,44,11,86,27,1
135,128,22,71,50,1,2,88,27,119,0
2,59,93,86,64,44,111,75,137,26,0
5,75,94,137,4,48,63,81,44,97,0
110,103,7,101,123,33,72,30,26,14,0
12,45,123,135,34,101,50,35,18,71,1
50,61,79,86,72,26,15,99,33,109,1
67,74,123,106,135,43,114,31,87,32,0
85,37,68,14,109,90,54,64,40,71,1
86,59,105,1,29,4,44,99,83,107,1
123,54,26,56,138,53,30,44,2,66,0
11,68,73,50,138,28,136,48,83,59,0
114,64,106,55,74,12,14,103,5,35,1
50,44,48,6,26,104,75,121,49,69,1
6,104,37,112,14,67,64,2,36,7,0
64,56,80,36,123,16,62,75,67,86,0
9,56,123,93,74,13,33,41,2,4,1
80,14,8,44,104,21,135,36,86,81,0
17,8,51,70,34,105,49,104,80,36,0
110,75,7,128,8,21,74,135,85,35,0
30,136,15,22,106,93,137,86,126,129,1
14,19,80,37,6,54,11,26,100,68,1
106,28,68,21,1,128,135,44,111,100,0
100,14,138,9,62,70,85,56,35,47,1
112,74,59,54,34,79,6,49,21,56,0
8,14,3,56,113,85,106,44,99,31,0
2,104,32,8,6,99,36,14,46,121,1
21,93,121,74,137,37,81,120,86,65,0
44,34,8,82,15,7,14,23,11,101,0
14,68,56,27,8,26,105,12,47,90,1
15,90,76,9,104,18,35,26,114,5,0
120,85,34,62,104,75,21,2,67,49,1
30,2,44,75,101,68,114,23,34,74,1
7,9,68,138,39,8,86,106,45,29,1
10,137,111,80,98,85,94,13,45,120,1
79,62,93,78,44,49,47,35,71,36,0
30,6,113,11,93,106,104,119,25,14,1
36,40,74,41,72,30,8,21,106,28,1
85,9,35,1,40,104,13,5,8,84,0
96,121,112,35,138,5,1,106,53,98,1
19,44,96,94,40,60,59,104,119,51,0
47,89,59,94,3,114,32,21,5,8,1
104,64,30,44,5,11,63,62,87,129,0
63,35,67,71,72,48,87,79,54,44,0
29,46,12,128,68,1,15,33,96,74,1
120,87,21,95,106,53,34,56,100,14,1
48,114,50,26,29,87,60,42,35,9,0
104,14,98,136,110,30,9,11,41,95,0
71,6,69,2,113,28,25,44,64,21,0
23,74,103,107,34,101,6,22,85,28,0
8,84,138,93,74,41,14,32,64,43,0
30,91,14,17,23,11,86,79,44,48,1
1,47,27,75,29,30,10,11,35,85,1
75,44,86,40,106,49,27,123,8,104,1
38,93,84,75,14,120,42,71,2,27,1
25,14,105,96,6,87,59,28,45,38,0
98,119,84,93,11,44,126,22,57,71,1
14,101,86,49,63,30,17,32,96,114,1
27,68,70,34,11,20,121,14,101,54,0
93,121,84,77,25,44,34,105,32,136,0
86,100,67,17,30,123,84,6,23,96,0
22,90,111,104,8,18,14,81,135,106,0
75,1,65,123,103,86,71,2,17,8,1
87,60,85,43,6,50,70,26,2,59,1
49,27,70,126,58,36,100,75,105,39,0
7,14,21,6,11,41,30,123,92,26,0
27,56,35,129,105,84,6,2,73,72,0
9,28,112,77,43,31,5,59,75,93,0
107,101,72,71,54,22,14,44,76,39,0
69,126,6,31,51,105,111,32,54,81,0
137,2,59,6,19,84,47,41,68,114,0
100,14,48,86,113,49,22,72,6,63,0
14,53,128,84,87,16,138,101,110,5,1
95,30,84,68,60,51,11,44,104,114,1
39,106,91,123,44,56,86,60,27,30,0
19,54,6,85,90,8,136,27,114,36,0
123,23,30,92,95,4,79,137,69,113,1
1,87,75,99,73,64,44,16,100,11,0
90,76,83,44,101,86,106,110,93,43,0
86,2,20,113,6,5,8,35,99,26,1
102,45,14,26,84,6,50,75,28,52,0
49,64,84,1,23,35,98,123,14,51,1
60,72,54,64,46,22,31,70,45,104,0
105,77,23,85,95,8,74,37,14,83,0
73,9,120,87,112,100,96,109,99,79,0
86,54,23,88,37,49,109,108,69,106,1
100,14,86,74,2,76,10,7,123,105,0
74,86,35,10,32,14,70,71,54,105,0
70,100,97,35,26,21,86,121,29,14,0
91,63,14,34,49,64,56,28,74,44,0
1,121,21,29,128,11,100,93,30,14,0
14,69,7,87,88,92,47,35,27,62,1
64,54,137,76,53,19,85,67,21,26,0
86,11,80,33,22,95,87,72,48,34,1
75,70,14,28,9,98,35,39,62,31,0
8,93,62,30,9,101,36,34,6,14,1
56,26,17,53,11,20,34,44,119,113,0
99,36,72,25,5,11,20,86,42,63,0
5,22,6,8,30,14,49,47,31,35,0
47,42,2,5,30,14,44,20,35,22,0
35,20,64,22,42,21,8,30,49,31,1
26,49,22,42,64,6,20,44,8,5,1
83,43,23,94,72,58,19,14,6,36,1
26,32,21,28,30,69,23,105,94,11,1
93,46,49,35,36,68,34,14,6,16,0
97,84,6,26,76,35,7,50,21,1,0
13,2,90,56,101,14,72,84,94,91,0
42,26,25,63,59,84,70,73,35,120,1
19,10,94,136,49,42,60,21,7,32,0
135,34,37,8,58,85,72,41,138,104,0
108,14,75,10,66,105,40,26,12,99,1
41,136,18,101,110,64,8,42,123,14,0
71,62,44,13,101,27,6,41,59,53,1
14,35,21,8,31,26,5,6,42,29,1
101,85,11,5,69,57,1,14,22,35,1
33,2,36,100,119,97,105,15,91,99,0
10,114,30,23,71,87,108,84,12,123,0
14,12,15,106,6,1,4,93,63,2,0
6,135,13,27,95,2,30,9,86,97,1
128,64,104,36,6,99,5,10,21,27,0
17,14,93,20,27,105,11,10,119,19,0
47,44,55,97,27,30,128,6,25,39,1
99,40,74,91,75,7,50,6,35,86,1
101,28,37,112,9,100,11,1,129,8,0
74,14,105,3,71,32,95,119,72,11,1
14,76,12,30,6,2,138,74,11,27,0
36,22,4,33,14,56,110,68,60,30,0
138,26,7,53,66,20,121,99,86,120,0
32,22,19,59,86,104,8,136,43,27,0
35,31,14,29,2,6,47,37,8,20,0
121,2,93,41,101,14,50,35,23,10,1
79,5,11,114,135,86,31,22,96,8,1
106,87,53,85,37,29,41,43,50,76,0
85,138,62,17,42,75,13,64,2,41,1
36,70,97,113,88,126,30,5,11,112,1
34,50,7,8,30,104,95,56,14,74,1
46,70,21,114,74,40,22,63,47,57,1
86,8,75,1,36,44,50,42,25,14,1
110,81,21,14,31,119,28,93,82,74,1
52,62,1,30,135,50,93,83,81,101,0
29,22,62,8,43,92,50,138,102,86,0
26,71,98,62,48,28,35,60,47,99,1
5,54,63,50,11,37,64,102,4,47,0
9,20,75,35,96,16,137,59,14,41,0
87,71,70,26,91,97,6,109,86,129,0
67,69,7,123,5,104,76,1,40,57,1
123,6,9,22,96,74,32,54,84,36,1
2,22,138,70,109,1,6,60,64,45,0
104,105,18,70,5,30,22,35,2,25,1
30,85,31,93,86,39,64,105,41,7,1
58,8,30,11,104,14,21,31,27,6,0
8,33,50,107,34,84,4,2,30,74,1
44,135,51,5,46,11,61,123,17,87,0
22,14,93,2,121,7,56,35,29,30,1
36,4,45,96,19,54,97,22,107,55,0
26,109,91,71,44,6,15,64,27,104,0
8,72,66,36,37,113,86,29,91,1,1
101,96,6,107,54,14,8,105,1,82,1
84,69,9,8,17,56,86,14,35,74,0
14,33,87,70,22,15,83,128,42,75,0
70,59,2,113,41,39,126,76,6,5,1
14,35,75,34,86,12,2,92,76,47,1
35,101,104,106,46,47,95,100,40,27,0
128,68,35,9,27,97,48,88,8,99,0
5,22,71,26,44,25,77,75,8,27,0
99,85,81,27,53,93,29,14,23,51,0
25,50,28,6,82,67,35,21,128,70,0
96,93,69,27,75,44,101,60,119,22,1
32,86,6,42,102,84,7,67,28,62,0
5,14,78,26,67,6,56,62,70,68,0
14,85,119,107,1,26,44,126,69,54,0
46,56,36,83,30,63,80,37,7,17,0
45,106,27,2,6,16,30,44,48,85,0
86,94,49,88,42,15,17,75,32,109,0
23,138,50,67,9,64,98,44,7,21,1
70,23,35,121,75,102,97,2,73,48,0
8,31,74,105,14,29,37,81,9,34,1
67,104,31,135,76,69,56,8,30,33,0
72,119,5,89,136,128,52,1,59,123,0
27,50,8,61,39,7,69,23,42,31,0
20,120,13,67,112,35,107,3,26,81,1
43,30,1,27,20,71,75,100,95,86,0
93,59,104,9,26,30,113,41,51,75,1
29,14,62,35,109,101,22,6,2,68,0
30,77,109,91,68,123,6,19,46,101,1
42,47,21,5,14,6,8,44,31,26,1
30,35,29,2,31,42,37,49,26,47,0
44,22,26,29,64,21,31,37,47,8,1
101,93,62,104,6,26,21,60,39,1,0
50,2,137,25,44,39,1,47,94,28,0
97,128,11,44,105,94,119,14,15,50,0
34,36,121,32,25,86,123,92,11,28,0
76,42,17,100,129,104,44,32,86,105,0
49,27,11,23,75,22,26,14,2,138,0
67,7,40,73,16,30,128,49,54,138,1
22,67,11,27,99,26,6,14,45,30,1
50,39,8,69,88,29,9,7,21,2,1
70,25,26,1,48,100,10,101,34,5,1
72,21,73,98,93,45,106,126,97,105,1
138,75,21,108,41,87,72,44,14,104,0
75,14,42,1,86,35,38,48,8,97,1
15,113,18,107,42,64,35,34,29,101,0
31,93,99,21,27,95,88,104,138,35,1
14,28,68,35,101,7,55,44,36,86,1
51,40,1,47,104,123,14,86,53,6,1
104,101,112,6,9,35,77,31,10,79,0
11,72,23,44,27,49,93,138,105,54,1
26,97,86,1,29,28,6,27,128,30,0
72,69,70,39,47,114,75,19,4,138,0
26,75,21,99,47,30,11,4,93,123,1
6,114,23,26,34,8,109,51,21,87,0
119,41,62,101,9,36,19,74,138,94,1
25,41,64,72,104,14,93,85,74,51,0
83,138,76,64,60,44,74,84,135,30,0
48,105,14,106,113,137,28,53,19,70,1
71,49,8,101,39,54,74,43,129,107,1
123,128,13,26,23,70,102,35,46,14,0
17,9,97,48,8,92,64,12,70,22,1
104,26,84,56,53,96,30,88,44,97,0
69,99,30,6,26,50,114,86,56,47,0
135,44,84,59,5,12,22,106,40,20,0
62,84,34,14,21,137,42,68,83,76,0
114,5,52,33,71,86,60,11,59,57,0
85,99,44,37,2,11,62,16,5,47,0
23,15,45,56,14,11,59,5,123,81,0
123,75,64,135,18,104,74,41,21,35,1
64,26,74,41,105,1,114,123,101,33,0
61,93,86,98,94,84,129,19,119,114,1
8,55,72,64,35,62,22,67,49,5,1
59,97,32,138,26,101,83,6,2,36,0
2,11,26,63,7,40,136,126,8,5,0
114,71,16,58,70,51,56,6,28,91,0
48,87,77,2,101,19,105,40,54,28,1
28,47,93,120,5,33,11,41,14,59,0
50,32,14,63,36,72,93,53,30,48,1
6,75,101,110,54,123,128,71,36,22,0
35,70,81,89,6,49,33,59,32,84,0
55,104,46,100,62,101,112,2,21,87,1
44,138,54,47,9,13,100,21,4,99,1
6,26,30,2,42,21,22,49,20,14,1
135,5,100,109,76,40,70,26,113,137,0
23,129,128,96,91,80,111,48,36,2,1
119,67,74,84,64,93,69,27,13,86,0
22,19,14,90,30,55,93,84,5,41,0
1,36,14,11,80,120,82,109,70,43,0
1,47,112,58,19,104,113,32,93,26,0
71,138,47,30,8,128,86,44,69,121,1
128,36,41,75,102,105,5,35,138,2,0
96,74,65,14,70,39,31,60,44,36,0
11,27,33,59,70,68,4,74,110,63,1
108,64,21,138,62,42,75,43,123,2,1
114,97,19,64,83,62,93,69,26,20,1
28,35,9,66,91,5,6,39,84,105,1
123,51,85,14,6,54,42,120,32,110,1
10,119,75,123,70,22,68,38,138,14,1
121,95,59,70,8,47,99,80,6,75,1
5,11,105,71,70,113,26,63,2,75,0
11,71,123,109,35,26,108,1,30,31,0
22,25,9,6,28,74,11,56,14,27,1
119,135,74,60,16,23,57,35,1,20,1
5,6,2,71,35,95,97,49,84,30,1
35,45,8,104,7,86,114,14,33,44,0
2,79,93,59,91,5,84,36,8,17,0
26,114,17,60,10,70,75,21,129,90,1
40,5,47,56,1,44,71,101,41,29,0
14,29,1,19,26,25,123,28,113,95,0
32,30,94,86,56,84,123,21,54,74,0
93,97,5,113,86,99,37,62,82,35,1
97,55,21,2,11,44,14,123,32,20,1
51,105,14,6,9,30,75,67,104,26,0
75,14,30,41,44,19,123,23,51,86,1
31,56,26,8,2,82,75,44,62,21,1
114,82,15,21,34,101,2,6,26,25,0
21,32,104,87,135,76,62,93,8,11,1
14,76,10,84,128,11,33,41,64,107,1
99,96,35,21,50,26,68,6,14,137,0
74,51,44,86,35,135,11,101,136,17,1
38,53,74,62,31,105,68,36,93,60,1
98,8,135,30,17,93,136,36,60,7,0
35,104,36,62,2,11,98,66,32,26,0
94,86,46,68,16,67,76,71,4,34,0
95,31,62,61,23,106,14,63,12,110,0
11,49,114,10,20,84,36,56,104,87,0
94,36,64,84,44,6,59,2,26,29,0
35,99,101,45,1,69,14,68,46,87,1
40,37,93,113,55,6,90,44,73,77,0
7,112,6,71,35,74,95,50,34,18,0
76,93,74,36,30,107,87,1,9,69,1
112,80,2,14,110,50,104,86,45,93,0
99,5,6,108,9,37,95,49,84,62,0
8,73,87,93,22,101,104,21,119,9,1
23,38,114,62,79,14,45,86,138,43,1
99,33,17,128,46,72,6,136,79,97,0
93,26,42,70,84,120,30,37,128,6,1
17,1,7,81,14,44,86,9,106,29,0
36,121,32,14,86,101,98,9,114,1,0
64,53,119,44,35,68,111,47,108,89,0
102,110,104,10,27,81,109,42,59,26,1
1,87,16,74,75,19,26,104,80,5,1
11,32,84,81,15,21,14,114,50,41,0
44,25,7,86,43,98,64,42,82,74,1
11,12,136,129,74,52,29,128,93,3,0
95,13,2,7,129,42,72,74,104,87,0
2,67,35,62,86,68,105,111,104,6,0
93,13,85,110,2,101,84,11,104,10,0
31,68,137,74,48,22,30,138,97,45,1
56,23,35,77,53,25,33,114,50,75,0
38,21,64,69,6,35,8,83,96,105,0
41,59,40,74,72,93,126,97,25,31,0
17,123,26,1,113,40,54,91,6,8,0
5,44,31,14,7,43,8,63,61,107,1
84,37,39,70,86,23,41,55,87,36,1
11,111,92,104,72,30,91,86,69,120,0
137,50,48,1,19,2,6,21,30,91,1
128,105,74,5,95,25,104,33,11,10,0
64,138,86,84,44,1,100,102,22,77,1
48,138,101,44,119,4,105,34,11,21,1
121,42,76,32,56,8,23,9,75,17,0
6,11,68,19,14,81,56,137,36,22,0
1,30,56,27,104,7,64,75,93,51,1
30,58,56,34,2,1,14,105,128,96,0
27,8,2,26,101,100,54,71,31,6,0
119,37,51,87,6,21,62,17,7,106,0
53,42,135,64,6,11,21,84,5,70,1
104,64,8,62,5,75,14,100,71,63,1
22,21,101,16,26,53,50,108,13,4,0
64,38,1,34,123,105,137,58,8,20,0
47,27,67,138,129,35,14,81,68,54,1
86,26,1,69,58,54,53,100,22,11,1
74,86,47,41,123,30,70,108,135,11,0
93,84,85,21,53,74,14,46,26,70,1
44,35,22,20,37,26,47,5,2,21,1
7,95,83,35,42,41,56,11,98,30,1
27,99,42,36,31,138,85,47,86,58,0
49,93,101,30,68,114,2,25,7,78,1
51,67,106,62,75,83,21,46,112,12,0
60,11,44,123,68,36,85,1,107,17,1
87,84,21,95,36,137,106,103,58,16,1
19,68,41,55,8,98,129,11,9,75,1
6,137,105,41,100,119,84,23,114,46,0
48,94,85,100,32,6,84,35,99,95,1
100,9,120,23,93,119,106,27,107,10,1
111,63,80,49,59,8,19,104,105,86,1
26,10,27,19,104,48,54,5,100,2,1
52,106,6,31,9,39,72,14,5,41,0
107,50,7,10,40,93,46,83,73,128,0
93,75,129,87,43,32,72,128,69,67,0
104,137,89,30,119,114,123,63,35,25,1
56,14,126,99,84,28,70,71,62,27,1
70,29,111,35,129,14,64,15,123,31,0
12,111,47,31,82,106,100,59,114,44,0
36,32,30,9,1,75,8,53,21,15,0
36,22,47,14,44,7,30,8,48,99,0
31,45,64,6,60,50,42,87,68,75,0
75,19,91,15,136,8,113,50,27,2,1
44,6,62,5,113,1,36,81,84,70,0
31,6,13,101,104,18,43,81,74,75,1
110,67,47,109,30,3,123,114,84,5,1
89,30,2,62,26,97,44,5,42,126,1
2,25,18,52,80,5,94,59,33,104,0
22,110,6,27,39,101,38,56,9,104,0
35,113,86,10,8,87,17,53,7,6,0
101,63,47,8,21,2,35,22,114,48,0
71,111,11,135,93,74,31,84,85,70,1
31,120,29,63,75,1,123,85,96,30,0
44,99,22,75,56,9,11,74,14,28,1
38,93,75,4,21,86,9,113,66,23,0
21,72,91,14,123,138,5,62,53,16,1
86,62,71,54,58,36,119,30,44,95,0
2,105,63,84,4,26,14,54,86,8,1
105,74,14,59,30,87,128,81,65,95,1
27,93,11,62,101,6,81,56,33,83,1
28,56,110,112,69,62,70,91,138,61,1
0,0,0,0,0,0,0,0,0,0,0
32,26,75,104,25,76,35,100,84,41,0
76,123,98,75,35,135,84,81,19,14,1
70,86,30,53,22,58,69,26,13,8,1
101,30,35,56,32,93,104,23,106,11,1
73,2,7,6,71,129,75,86,26,42,0
6,105,71,48,14,49,86,126,94,72,1
35,88,2,75,30,138,120,111,107,70,0
59,123,21,93,46,85,31,109,121,88,1
31,2,22,7,59,50,53,81,19,138,0
43,71,44,104,37,67,14,68,20,126,1
92,1,135,26,79,109,128,104,14,22,1
10,34,2,84,32,14,27,30,44,4,1
80,30,14,58,44,114,85,107,27,15,1
27,72,112,75,36,39,95,9,14,121,0
14,30,10,86,69,128,83,9,53,70,1
26,34,35,89,104,56,22,5,60,30,1
20,12,71,138,29,44,32,30,1,128,1
41,35,81,15,76,70,8,1,105,138,1
14,35,103,135,102,17,44,93,86,39,1
46,11,95,128,123,101,44,85,113,2,0
26,5,4,75,101,86,8,23,120,72,0
25,95,72,89,36,109,59,69,32,47,1
36,11,123,14,86,72,27,106,8,6,1
14,74,88,93,84,2,76,6,19,68,1
63,13,41,53,7,10,21,66,20,123,0
48,74,60,129,14,30,120,70,64,32,1
84,91,114,32,14,16,35,109,126,19,1
35,71,56,42,30,11,48,4,32,1,1
70,14,34,5,129,119,53,21,47,44,0
23,6,20,90,28,135,63,32,58,136,1
95,88,2,23,69,98,64,123,34,93,0
23,17,85,6,36,70,25,14,47,135,1
104,75,64,5,67,110,18,73,62,13,0
74,112,59,105,41,126,18,9,84,90,1
123,23,43,81,112,53,8,2,31,14,0
21,8,79,11,100,53,39,31,59,62,1
120,82,14,56,62,17,25,74,135,11,0
86,97,62,34,64,68,102,14,44,42,0
56,15,91,59,30,45,41,14,53,114,1
128,137,31,58,11,2,75,36,98,110,0
51,59,1,123,8,136,67,14,86,22,1
123,68,104,34,35,61,28,8,2,30,0
12,14,62,34,69,55,100,75,56,105,0
14,35,45,86,92,76,70,137,101,64,0
74,38,17,8,87,50,7,18,88,14,0
105,111,7,48,34,49,87,114,62,76,1
69,21,14,56,5,85,6,11,123,135,0
94,126,104,30,72,15,110,51,18,16,0
8,72,98,123,32,67,62,86,14,7,0
17,6,107,121,85,7,86,135,111,41,1
10,120,138,111,45,43,3,19,62,41,1
14,58,138,72,41,19,70,2,44,97,0
26,7,27,1,52,106,96,123,5,6,1
70,6,37,19,113,25,10,8,26,11,0
40,60,138,27,95,10,54,75,31,49,1
14,93,56,54,32,2,42,35,74,104,1
53,96,28,82,87,2,55,17,51,8,0
11,4,112,56,79,104,47,89,19,27,1
88,26,63,106,28,45,11,75,60,54,0
113,14,64,44,35,93,136,20,120,104,0
114,74,5,93,96,11,14,35,34,56,1
33,16,34,136,50,52,100,70,13,30,1
64,41,74,98,72,30,111,35,99,54,0
136,41,35,73,56,128,70,9,100,4,0
128,121,54,7,23,106,1,64,5,84,0
19,26,41,64,71,72,34,83,70,97,0
14,7,98,80,111,27,120,104,105,36,0
27,14,75,11,138,64,6,74,114,45,0
55,138,9,31,18,58,2,123,6,128,0
37,75,9,13,93,67,106,30,19,108,1
83,50,16,138,23,36,67,14,88,26,1
35,21,5,14,22,6,8,47,37,26,0
36,39,35,105,106,79,93,12,126,87,0
8,31,17,30,49,21,2,26,105,75,0
86,107,59,123,56,14,129,93,11,5,0
44,40,114,112,39,84,9,10,47,41,1
47,40,50,21,44,26,35,25,2,27,1
80,2,9,75,30,112,74,85,4,15,1
10,44,28,5,30,47,106,26,93,60,0
20,123,75,30,54,4,101,129,22,44,1
49,9,90,5,89,76,69,48,91,75,1
71,32,98,54,101,10,11,39,43,86,1
14,29,19,79,11,119,53,114,82,39,0
8,56,16,59,27,14,32,93,111,26,1
69,121,49,6,76,56,105,99,53,138,0
30,10,92,69,114,2,105,26,74,93,1
86,44,105,129,121,61,74,128,25,8,0
13,21,86,1,14,75,93,47,27,35,1
31,53,25,58,44,84,93,106,26,40,1
46,52,68,126,21,86,31,2,22,56,0
6,121,41,5,106,93,119,54,2,110,0
22,119,32,104,81,19,40,67,123,76,1
14,3,23,67,62,91,29,38,95,48,1
91,95,14,29,20,30,83,90,16,44,0
75,26,93,34,99,42,59,84,69,9,1
22,41,64,119,12,8,93,30,6,106,1
94,71,39,30,35,6,138,128,2,27,1
114,26,62,101,104,44,14,100,85,79,1
40,137,68,75,1,33,87,44,21,86,1
128,104,5,89,23,27,28,109,34,14,0
93,2,35,128,110,96,31,4,11,111,0
93,30,81,86,34,42,68,98,40,47,0
47,7,99,136,34,36,113,14,45,15,0
97,95,138,86,35,114,22,19,27,43,1
80,16,44,91,51,60,107,67,30,14,1
59,75,31,77,6,108,106,21,44,5,1
54,109,18,26,62,44,2,67,35,21,1
27,4,56,35,46,14,121,59,44,17,1
92,138,97,70,123,56,26,2,105,32,1
7,63,73,95,44,21,6,23,138,22,0
96,31,70,27,11,32,102,109,25,35,1
60,14,13,6,85,114,36,26,119,7,1
129,35,1,111,138,13,11,86,26,23,1
75,74,87,104,31,68,111,86,16,44,0
25,11,35,69,56,58,28,76,75,42,0
87,55,14,9,89,8,82,101,68,80,1
106,6,85,68,14,78,30,22,50,89,0
14,58,119,21,81,109,104,22,75,67,1
109,120,135,14,5,35,88,98,41,75,1
8,7,84,26,22,75,108,21,11,9,1
16,50,44,5,123,30,6,14,84,96,0
31,49,44,35,14,29,64,8,26,42,0
74,28,9,70,111,87,93,69,82,14,0
79,72,138,64,62,85,97,8,41,2,1
67,62,26,27,104,35,4,34,71,69,1
86,67,77,104,63,72,101,1,7,36,0
35,39,14,98,34,83,70,80,96,86,0
71,87,64,34,101,82,33,102,39,69,0
33,1,6,89,128,14,5,18,82,96,0
104,56,86,8,138,81,26,6,35,69,1
104,63,50,75,120,138,59,87,111,6,0
13,67,137,31,34,119,14,64,84,41,0
6,105,27,64,42,110,14,43,30,80,1
11,81,70,14,31,48,41,102,123,87,1
114,135,11,128,104,46,7,71,109,64,0
69,4,47,26,19,58,56,93,100,51,0
74,53,35,64,27,48,33,26,34,18,1
47,37,31,49,44,5,35,6,8,14,0
102,7,32,106,72,27,20,16,37,6,1
87,54,14,129,11,38,44,86,98,71,1
5,10,55,30,36,44,16,84,136,75,1
62,128,14,82,93,6,31,98,34,110,0
39,33,14,21,63,44,106,30,19,91,1
96,6,84,31,22,99,76,62,105,9,1
86,42,26,18,17,74,129,53,10,14,1
33,30,7,50,6,35,22,100,104,101,0
68,84,138,27,120,86,30,105,114,6,0
26,6,105,70,138,39,33,53,64,44,0
40,94,106,30,104,9,35,70,88,77,0
64,30,35,2,47,37,49,29,22,5,1
29,14,47,42,5,44,31,22,64,2,0
136,87,47,32,36,13,45,35,2,57,0
10,69,44,20,63,1,87,75,2,34,0
41,35,96,79,57,5,8,93,36,111,1
87,12,47,37,93,48,35,42,56,136,1
34,86,71,41,101,68,2,26,8,19,0
11,77,5,108,6,50,70,36,64,29,1
52,36,6,35,48,62,114,7,68,86,1
6,8,17,32,7,14,72,3,100,86,1
104,74,14,44,123,54,62,105,73,40,1
113,110,4,68,102,44,129,22,64,114,0
67,16,104,8,40,89,56,105,138,35,1
2,17,44,83,88,30,56,71,52,129,0
26,33,106,44,25,22,71,11,54,81,0
11,119,97,136,71,35,28,65,82,14,1
119,109,76,41,99,19,14,46,88,11,1
54,20,9,48,126,111,44,50,49,62,1
13,9,17,1,121,16,84,93,86,21,0
7,75,56,16,49,35,86,99,97,76,1
71,100,111,32,72,93,84,74,14,85,1
49,64,135,22,70,123,104,34,44,138,1
129,6,72,17,5,47,32,86,94,36,0
84,11,4,34,105,44,104,5,39,31,1
60,14,26,121,120,64,56,47,75,81,0
75,44,7,26,42,6,48,18,27,86,1
8,17,32,102,57,40,44,31,99,60,0
44,51,138,59,102,3,93,57,52,14,0
138,60,83,114,75,123,9,14,12,86,0
56,107,19,74,85,113,88,17,84,96,1
73,64,51,2,8,110,97,34,67,50,0
56,53,70,31,49,105,11,47,100,109,1
71,84,54,21,85,101,2,62,35,87,1
53,26,114,55,4,91,93,71,83,14,0
48,88,33,69,6,14,5,8,97,76,1
44,99,64,14,70,16,138,36,21,74,1
91,27,99,72,14,138,126,75,7,67,0
100,35,27,31,41,77,57,70,107,11,1
123,74,18,99,14,37,82,113,105,101,1
64,107,67,68,34,25,26,11,40,6,1
2,98,27,11,53,113,67,59,84,97,1
44,26,74,7,2,1,56,138,49,84,0
85,35,86,106,30,84,9,72,67,11,0
9,26,8,21,19,34,72,28,75,93,0
47,21,29,49,62,44,113,0,104,64,0
44,30,64,42,22,26,2,6,5,47,1
29,37,22,26,47,20,49,6,5,21,1
22,8,42,20,14,31,26,49,35,6,1
16,57,2,54,72,44,128,17,40,63,0
75,121,8,76,120,64,73,128,6,39,0
54,20,2,94,110,26,63,14,75,76,1
10,86,14,65,30,87,93,108,50,34,0
63,101,14,128,70,120,23,6,31,105,1
54,45,101,95,26,49,1,76,64,105,0
51,101,21,44,14,93,86,88,9,74,0
38,40,54,5,22,101,108,19,80,32,0
85,11,2,102,106,22,75,63,99,67,1
30,44,88,108,93,13,67,3,42,21,1
100,45,97,41,63,128,26,6,50,30,1
64,35,37,47,8,44,30,6,22,20,0
14,39,7,138,91,62,36,54,126,50,0
21,106,44,72,9,86,35,92,97,41,1
86,33,11,16,12,56,105,59,74,71,1
99,44,30,23,72,49,41,35,14,64,1
105,11,93,26,34,37,33,25,39,1,1
47,58,64,52,1,62,120,70,84,128,1
83,7,111,33,70,46,98,14,30,56,1
100,27,128,41,59,62,129,119,95,14,1
64,88,138,60,36,76,71,121,99,42,1
35,86,14,128,60,85,41,12,6,44,0
22,33,9,73,29,61,98,79,34,74,1
43,45,32,75,14,70,67,31,84,12,0
93,27,14,75,12,30,42,25,5,1,1
101,30,36,6,22,14,75,11,56,79,1
86,97,36,138,14,123,96,62,70,30,0
59,36,129,3,70,93,44,30,12,6,0
112,128,99,77,93,71,91,83,87,48,0
29,26,7,45,31,34,47,96,56,35,1
110,1,30,63,6,104,95,35,14,83,1
14,35,93,44,21,67,107,70,75,11,1
14,91,78,44,30,93,113,18,22,26,1
7,13,9,138,106,72,12,47,48,89,1
14,56,25,26,93,11,99,75,63,22,0
5,97,86,23,12,68,9,21,29,11,0
93,50,36,62,135,4,67,22,53,102,0
60,35,14,51,84,30,23,56,26,36,0
8,6,26,20,22,35,14,64,42,29,0
35,123,11,69,87,1,74,34,51,85,1
14,56,121,67,21,65,103,43,6,72,1
28,26,6,76,84,120,42,91,119,93,0
84,35,11,20,62,2,36,14,39,101,1
11,91,1,36,104,69,58,39,6,27,1
37,38,95,96,32,52,106,113,66,51,1
123,70,27,104,75,93,34,91,36,110,1
11,64,89,43,109,21,108,26,8,51,1
70,11,83,46,47,106,53,101,56,45,1
81,46,25,26,14,70,63,30,76,7,0
87,10,81,101,76,41,79,111,36,110,0
73,31,8,62,36,4,16,126,26,11,1
75,23,2,41,5,56,9,28,47,60,0
11,15,23,81,22,138,129,37,123,44,1
121,42,46,88,96,128,1,7,70,76,0
8,104,26,11,67,113,56,120,86,27,1
27,86,1,37,96,19,21,111,106,68,1
11,99,15,22,59,68,37,44,121,93,1
11,42,14,12,36,44,25,137,74,17,1
14,67,51,26,35,53,6,31,114,91,1
37,2,5,35,29,26,8,21,6,31,0
36,50,76,70,97,69,86,35,63,42,1
7,79,119,11,9,87,93,20,78,97,0
26,35,104,19,86,62,76,42,30,36,0
42,119,56,7,47,11,44,28,84,5,1
2,69,74,101,136,28,32,138,14,106,0
76,126,14,4,19,44,6,47,85,26,1
2,18,102,101,5,88,63,22,56,19,1
120,56,136,30,108,62,26,6,17,28,1
68,5,16,35,41,97,92,20,14,56,0
56,72,64,51,69,2,23,86,20,138,1
51,138,36,102,6,135,31,80,14,87,0
91,123,70,100,137,11,30,51,128,14,0
95,26,106,55,39,61,19,91,114,137,1
6,26,109,110,44,56,11,72,74,46,1
89,17,47,119,50,56,109,14,39,84,1
41,75,39,135,42,12,62,48,25,64,0
29,37,49,44,20,6,21,47,5,30,0
44,20,5,29,42,14,64,2,49,35,0
30,2,35,14,68,74,22,27,5,97,1
34,44,16,68,88,53,62,13,8,27,1
14,128,57,56,37,54,76,64,135,87,0
11,52,64,14,107,21,44,91,40,72,0
42,114,59,41,94,14,31,11,103,18,1
36,1,104,113,84,91,9,39,106,52,1
35,113,70,52,49,2,47,14,54,27,1
76,33,27,1,30,105,11,68,102,44,1
27,68,83,65,114,35,28,32,14,30,1
12,64,35,44,86,17,107,74,104,56,1
104,7,27,26,10,60,30,114,18,14,0
87,136,75,2,119,71,67,36,31,35,1
101,95,5,85,70,94,43,73,120,41,0
87,15,17,1,30,100,16,14,104,54,0
12,96,63,57,35,41,25,84,91,121,1
41,35,63,16,50,72,42,26,11,25,1
81,30,11,37,5,74,44,16,29,62,0
98,19,12,75,22,111,46,86,43,10,1
108,87,67,74,26,50,35,100,51,23,1
105,8,111,4,32,119,74,77,72,26,1
84,7,14,53,44,62,71,6,31,52,0
123,19,86,35,7,104,34,23,1,84,0
2,126,27,17,67,32,44,56,39,138,1
97,119,8,13,69,93,21,34,71,75,1
16,34,83,93,75,8,88,51,21,26,0
21,73,50,12,49,126,94,54,121,19,0
128,78,26,60,109,48,81,102,14,101,1
69,86,84,104,114,98,23,10,128,2,1
7,70,75,31,21,95,83,97,120,14,0
75,138,101,11,63,14,62,84,81,94,1
35,47,84,40,74,32,119,18,105,113,1
11,120,20,86,104,35,64,9,44,25,0
86,9,42,56,50,6,40,26,69,128,1
5,101,114,29,72,22,14,64,2,1,0
21,14,42,75,108,114,23,104,64,84,1
36,21,129,44,85,97,64,19,5,92,0
8,76,97,50,105,90,27,104,93,138,0
30,37,47,8,29,35,44,64,49,26,1
6,107,126,106,71,101,37,44,29,36,0
11,136,87,138,55,101,54,59,38,50,0
21,25,48,56,11,79,6,2,27,67,0
16,34,87,44,20,43,10,76,64,86,1
11,32,128,1,13,99,22,8,14,19,1
135,64,86,12,47,39,108,8,123,105,0
83,23,53,8,22,21,80,30,86,114,0
76,6,31,33,1,70,14,123,7,11,1
1,138,72,5,8,13,26,73,104,70,1
107,19,10,60,114,121,87,70,101,28,0
5,11,7,35,14,63,74,32,138,29,0
11,2,89,14,111,51,85,114,29,107,1
6,26,91,111,59,42,114,14,44,27,1
58,30,59,44,7,54,75,85,14,20,1
15,20,10,105,17,18,34,114,74,38,1
12,74,84,62,97,13,50,70,30,105,1
87,67,7,30,104,85,2,105,8,74,1
102,111,26,14,51,70,129,57,86,45,0
104,48,14,56,84,75,93,26,137,61,1
2,30,8,106,19,74,120,35,114,105,1
101,138,14,44,128,37,1,11,22,137,0
72,136,43,97,22,93,69,114,57,26,1
14,27,21,53,11,2,33,47,95,46,1
49,119,75,8,11,123,98,19,35,83,1
49,8,119,36,53,7,104,6,50,128,0
67,34,31,59,30,53,1,68,40,93,0
129,53,62,104,86,84,93,135,2,100,1
99,138,8,47,57,104,30,45,48,60,0
84,56,104,111,30,89,27,58,109,114,0
27,25,8,75,31,50,17,49,44,111,0
104,27,25,53,6,26,100,19,70,2,1
19,35,53,123,56,91,135,104,6,58,1
62,67,30,1,72,32,18,138,86,97,1
100,5,63,104,26,83,27,67,107,8,0
2,14,44,135,128,75,123,84,108,47,0
99,58,100,71,8,86,6,35,75,27,0
53,123,30,14,71,35,102,38,6,31,0
104,93,75,27,40,90,18,63,36,53,0
12,33,16,6,36,59,137,41,5,135,1
47,49,5,101,28,34,6,56,70,119,0
36,58,120,123,70,114,104,86,97,27,1
22,44,2,72,120,32,53,60,101,70,1
32,45,49,74,64,101,9,41,136,47,0
104,7,82,33,9,19,35,85,111,27,1
18,128,1,135,11,99,58,84,71,137,1
100,11,44,96,50,137,2,72,93,105,0
14,137,1,37,11,106,46,44,86,72,0
15,64,35,76,50,47,104,16,36,101,0
37,32,92,41,99,109,62,6,137,7,1
114,86,46,101,64,48,137,85,74,5,1
69,9,87,36,68,100,26,6,56,37,0
75,32,22,69,85,6,44,123,93,128,1
60,84,35,14,107,109,74,8,30,86,0
35,29,20,14,42,138,64,21,22,30,1
67,44,93,71,50,83,76,95,104,51,1
83,93,81,14,56,87,5,29,6,114,1
88,14,6,40,99,56,107,7,1,9,0
26,6,86,15,82,17,30,104,101,1,1
11,123,104,96,89,64,56,75,136,2,1
21,114,62,93,104,105,1,91,65,63,0
60,84,54,2,75,17,105,36,6,9,1
44,135,26,40,74,11,129,86,8,29,1
81,37,69,97,32,18,123,14,138,135,1
8,30,49,5,2,22,14,26,6,42,1
14,54,12,102,22,27,84,137,23,6,0
73,72,34,67,14,20,119,49,138,28,1
67,22,71,105,47,65,114,14,50,93,1
86,9,51,48,123,44,5,71,14,75,0
121,65,70,74,45,6,62,95,16,56,1
8,126,14,25,43,128,33,35,45,109,1
56,105,98,87,70,14,21,6,85,17,1
26,11,93,35,65,98,119,97,7,67,1
44,5,75,36,82,123,1,69,19,76,1
11,46,64,8,104,99,22,12,136,95,1
126,74,123,62,17,14,19,91,11,5,0
1,19,99,34,40,41,113,28,14,86,1
59,83,33,58,114,26,17,4,60,14,0
69,91,106,123,41,14,8,75,114,68,1
109,32,17,11,14,138,114,7,57,106,0
110,33,106,22,14,1,85,35,54,65,1
33,87,119,128,44,11,7,121,95,102,1
81,87,73,62,21,23,6,111,47,83,0
7,6,35,28,17,32,22,36,41,101,0
14,35,23,93,138,103,72,45,86,91,1
41,74,62,27,26,56,72,31,120,75,0
100,96,75,109,31,11,26,108,41,102,0
44,135,21,72,40,30,35,25,11,48,1
89,70,75,79,71,56,14,16,113,27,1
32,19,69,106,22,47,43,36,59,105,0
101,14,114,42,106,36,7,62,44,64,1
5,25,81,22,44,29,1,83,76,68,0
100,54,52,64,92,5,8,82,138,119,0
129,29,86,63,126,138,22,85,25,4,0
72,11,114,85,44,21,36,14,54,62,1
41,113,85,69,9,35,23,110,56,50,1
64,56,7,12,40,105,100,104,1,11,1
83,106,85,67,13,60,111,107,74,56,1
44,50,9,135,113,27,2,8,123,21,0
8,49,17,30,57,126,26,44,119,129,1
49,86,103,123,17,94,21,31,56,41,0
47,52,14,102,46,67,21,105,74,86,1
81,113,30,42,75,112,67,26,136,97,1
42,97,102,99,35,94,31,77,85,5,0
14,45,5,41,34,89,67,64,30,101,1
119,126,8,87,137,128,64,93,104,13,0
64,15,22,6,32,14,31,75,63,129,0
62,64,81,104,4,109,71,31,29,32,1
110,93,7,103,113,1,129,53,32,63,0
32,40,13,67,97,108,93,138,110,7,0
112,21,85,102,9,137,88,59,84,1,1
9,43,96,99,44,62,94,75,68,58,1
22,81,138,50,44,31,48,2,86,9,1
11,86,22,77,40,29,106,50,89,67,0
14,123,81,74,93,100,109,25,85,104,0
53,136,37,14,21,84,83,57,27,16,0
35,93,76,26,105,83,96,1,100,22,1
35,42,86,105,22,137,36,14,44,138,0
68,43,53,9,102,123,62,104,4,44,1
32,41,105,62,52,6,20,114,71,44,0
10,69,64,39,76,1,5,87,52,16,0
74,62,101,21,41,138,9,34,119,7,0
30,47,29,14,49,44,35,37,2,5,1
0,0,0,0,0,0,0,0,0,0,0
42,37,64,47,21,44,49,26,29,31,1
35,2,29,31,5,14,64,49,42,6,0
63,5,33,106,135,88,20,107,129,86,1
21,74,76,101,51,75,2,82,9,44,0
42,17,7,96,101,121,104,138,93,85,0
9,121,76,71,6,108,44,86,14,101,0
72,11,84,44,49,36,42,75,15,3,1
102,85,74,72,95,7,128,76,61,41,0
81,8,32,30,123,5,1,36,86,69,1
103,43,93,85,14,2,91,10,11,58,1
69,18,49,50,22,11,26,2,53,104,1
72,49,87,51,18,9,41,14,104,21,0
6,27,81,56,103,1,90,100,77,47,0
92,106,71,8,62,26,59,138,58,7,0
100,7,1,123,35,25,31,16,17,8,1
44,11,22,31,8,97,2,59,47,35,0
98,64,119,44,74,35,76,60,26,14,1
14,64,21,42,44,29,31,20,22,6,1
73,5,85,11,104,7,26,128,53,22,1
80,1,39,105,26,19,71,102,87,8,1
30,12,11,126,42,19,64,32,59,38,0
14,64,6,87,81,74,41,84,27,49,1
14,7,62,54,71,44,105,50,30,74,0
8,128,36,51,111,48,76,96,31,64,0
35,16,72,30,41,135,2,86,5,109,1
58,2,30,41,7,50,82,10,42,33,1
101,63,14,35,84,70,100,123,26,104,1
111,59,82,86,35,137,34,22,112,135,1
2,22,1,69,89,5,136,114,14,34,0
38,76,70,85,101,138,40,99,114,75,1
42,71,32,29,80,60,10,4,91,46,1
50,74,35,14,99,91,44,86,67,5,0
52,99,105,63,123,94,137,97,15,62,1
36,35,98,1,114,18,7,104,123,100,1
105,5,76,8,97,68,13,55,110,15,1
68,41,28,45,87,35,32,46,14,121,1
100,92,17,77,105,74,128,31,86,44,1
26,30,41,80,97,102,113,48,19,11,1
75,49,27,68,8,85,58,2,30,54,0
14,8,35,105,85,9,6,62,86,74,0
99,101,90,6,30,5,57,7,93,86,1
1,81,9,137,50,2,56,27,37,17,0
63,47,86,75,2,6,30,113,101,104,0
67,51,64,27,80,87,100,5,14,11,1
21,138,28,97,11,48,91,75,59,5,0
39,128,11,100,49,56,71,42,30,9,0
95,22,60,11,14,21,84,45,114,74,0
138,112,121,23,77,128,5,6,102,47,1
1,105,138,129,98,14,11,70,104,26,0
107,1,47,71,68,83,138,43,123,42,0
138,84,26,56,9,35,46,129,2,14,1
63,27,104,14,5,21,8,17,20,75,1
16,21,105,5,35,27,135,64,1,76,0
59,97,93,27,72,14,100,135,107,5,1
98,39,99,22,74,126,85,14,70,5,1
83,44,121,129,97,101,64,108,8,22,1
79,8,11,22,28,1,102,75,138,104,1
41,47,14,12,59,40,35,70,85,87,0
60,10,101,64,33,123,15,21,7,93,1
28,30,86,70,62,5,104,33,32,89,1
54,35,31,28,85,8,14,6,5,104,1
35,84,53,62,91,6,11,30,87,14,1
6,45,2,75,35,11,93,25,121,18,0
14,105,94,53,62,88,123,112,34,95,0
62,102,86,105,10,22,30,49,85,1,0
40,59,101,44,98,6,120,87,53,62,1
86,36,23,6,91,30,18,26,53,8,1
1,74,53,42,138,11,12,26,6,75,1
110,53,11,10,59,35,9,135,46,75,0
23,86,53,35,39,121,38,62,20,22,0
53,8,68,119,10,19,22,63,6,31,0
5,101,95,83,70,55,14,93,82,32,1
31,74,101,42,136,18,89,59,93,32,1
18,21,69,138,87,110,123,67,46,38,1
86,27,129,94,81,37,85,70,99,35,0
26,84,93,60,36,17,20,104,87,18,0
104,9,106,11,5,68,69,84,56,6,1
22,20,26,29,35,42,21,5,6,30,1
2,14,138,1,104,26,11,70,62,128,0
42,120,103,10,101,32,67,9,76,97,1
41,45,86,71,120,105,109,74,97,40,1
64,137,101,76,1,111,74,96,56,19,1
89,97,72,87,80,10,73,129,109,30,1
138,7,97,65,10,95,19,32,41,22,0
14,72,56,90,64,121,96,60,91,114,1
101,30,26,35,100,137,22,1,121,50,0
62,56,111,75,49,44,23,5,28,84,0
62,26,6,46,40,119,67,36,30,2,0
101,63,27,44,25,74,82,1,51,126,1
102,123,75,39,35,44,53,17,86,74,0
105,8,135,7,44,137,74,119,14,89,1
13,105,104,97,44,138,53,83,2,90,1
8,64,31,47,6,21,35,26,22,14,1
75,73,21,100,112,6,72,78,13,105,0
62,114,15,105,86,75,66,44,28,17,1
9,93,46,62,111,71,17,47,14,138,0
123,18,27,37,48,99,41,35,40,21,0
41,86,5,137,34,21,93,90,53,26,1
106,62,14,1,75,19,54,25,11,33,1
89,5,137,9,105,62,4,21,104,34,0
14,71,26,120,11,88,92,138,35,37,1
75,21,49,35,96,8,25,85,87,64,1
64,11,65,96,22,28,123,89,42,137,1
129,105,39,1,45,47,35,28,48,26,1
17,30,14,36,1,70,37,11,96,9,0
46,81,93,5,25,9,65,128,44,72,0
75,44,11,59,101,21,5,62,96,41,1
5,1,21,30,97,123,32,93,104,84,0
14,107,17,93,31,18,11,64,82,21,1
17,6,62,123,21,30,60,34,5,67,0
99,1,19,90,26,34,93,25,30,102,1
46,105,67,87,60,93,5,39,19,7,1
31,104,6,84,47,48,111,119,97,53,0
35,90,126,7,44,104,42,62,22,11,0
7,97,137,105,30,15,56,9,5,109,1
