71,91,135,137,95,86,76,97,72,56,0
9,18,64,97,123,12,22,62,84,96,0
90,25,44,129,84,54,138,86,104,14,0
138,86,102,22,11,87,114,53,31,129,0
138,100,11,68,88,93,87,35,1,75,0
136,112,135,85,31,37,6,76,102,64,0
121,26,104,27,6,44,83,59,42,105,1
30,93,2,51,106,111,40,97,67,50,1
36,19,72,30,67,64,59,9,35,32,1
46,26,44,14,49,42,120,27,105,13,0
52,111,96,40,12,113,99,84,3,45,1
96,32,14,7,69,10,60,27,93,26,0
44,102,56,45,5,101,13,60,41,26,1
76,43,97,83,44,26,41,67,68,128,1
138,67,31,75,14,8,104,22,30,16,0
53,2,21,101,104,10,113,14,34,86,1
35,70,27,10,68,53,126,17,11,74,0
64,74,22,14,60,31,49,86,110,56,0
35,7,72,44,14,6,126,128,26,22,1
84,120,94,136,77,36,97,102,32,59,0
123,138,27,88,32,81,44,101,100,69,0
50,99,114,94,113,23,75,105,47,30,0
16,30,113,80,17,106,6,71,50,121,0
11,84,26,104,98,75,10,32,138,81,0
2,21,35,37,14,42,29,64,6,31,0
100,126,59,74,17,19,11,14,105,7,1
97,75,39,123,1,128,135,6,71,23,1
22,67,104,51,13,93,75,44,4,138,0
102,101,26,44,75,59,106,72,27,70,1
59,33,68,72,34,103,56,86,11,17,1
21,83,12,1,69,15,5,72,44,102,1
22,18,21,71,40,2,64,61,37,44,0
2,22,32,14,138,9,75,39,137,44,0
72,106,50,70,14,138,62,35,93,22,0
47,121,8,113,91,1,101,63,68,35,0
120,64,93,13,7,85,56,75,67,136,1
13,69,31,93,58,30,98,8,11,75,0
22,114,102,8,87,106,86,72,35,37,1
53,87,12,11,7,8,138,74,51,14,1
68,65,49,45,13,14,27,47,123,6,0
87,92,29,10,105,6,113,74,14,11,0
32,138,40,6,5,7,50,14,59,71,0
34,84,12,5,36,83,9,129,10,13,0
138,51,75,8,56,6,11,71,9,68,1
32,42,123,95,13,11,26,129,46,74,0
44,31,8,47,20,21,64,6,14,2,0
47,36,45,83,62,37,27,114,11,28,1
104,7,102,59,5,69,75,86,45,32,1
43,71,56,67,128,44,99,76,102,26,0
34,67,9,137,87,32,123,76,114,62,0
26,7,87,62,18,32,42,48,50,12,0
56,137,114,41,35,135,79,66,42,12,1
119,35,65,93,76,2,67,57,7,138,0
29,11,75,56,84,76,97,22,86,41,1
110,39,72,104,17,10,86,135,5,1,0
16,46,81,61,54,44,126,33,123,30,1
138,63,104,53,26,121,35,28,106,90,1
89,14,27,86,58,13,50,11,17,76,1
73,75,104,93,84,64,8,29,121,46,0
46,8,7,21,26,41,86,3,23,76,0
56,31,129,100,16,6,62,22,93,84,0
75,63,32,111,36,8,5,21,56,47,0
34,42,33,39,63,101,11,12,22,8,1
35,98,75,40,20,30,99,21,52,29,1
9,46,11,7,54,68,31,81,104,1,0
50,83,45,67,62,101,36,44,21,2,1
102,106,86,26,67,93,45,20,68,71,0
5,47,41,138,84,17,74,85,70,67,0
70,97,50,23,13,26,94,21,39,14,1
5,57,14,11,8,2,84,7,44,86,1
1,126,32,30,88,14,72,26,62,8,0
62,27,28,6,56,21,35,75,64,104,0
54,72,46,88,44,97,129,41,11,137,0
44,53,84,110,55,62,29,23,14,48,1
22,82,5,32,137,86,60,101,84,54,0
19,31,129,72,17,108,25,69,48,112,1
26,85,123,129,97,50,98,34,70,86,0
2,80,75,85,6,99,86,114,8,9,1
22,95,101,105,1,71,34,7,14,59,0
34,17,104,119,58,138,35,46,14,98,0
85,74,44,137,123,47,64,35,5,6,1
50,101,34,93,2,14,31,91,6,138,1
99,95,33,123,93,39,76,1,54,35,1
27,93,104,80,100,109,129,1,97,69,1
105,135,17,64,44,8,87,86,40,69,1
99,21,27,1,76,56,20,2,31,42,0
44,59,59,65,14,58,90,39,102,87,1
6,29,35,104,56,44,106,123,30,2,1
56,26,104,34,57,113,76,9,100,2,0
74,82,102,66,30,26,75,6,138,27,0
128,87,104,75,67,14,77,94,86,11,1
67,21,71,32,53,101,41,52,99,35,0
35,30,96,87,97,53,99,119,9,113,1
101,104,72,8,75,27,14,26,44,9,0
42,138,11,68,83,69,89,51,76,87,1
32,2,97,30,8,88,48,11,14,31,0
1,36,86,22,102,14,72,68,71,67,1
81,26,10,34,104,51,119,63,93,95,0
7,8,11,82,107,41,37,111,71,123,1
16,35,9,87,7,97,83,45,44,22,0
15,27,25,81,7,19,136,8,14,84,0
6,44,30,91,114,89,84,5,53,34,1
29,49,42,64,37,31,26,44,2,20,1
8,104,16,35,50,45,51,59,38,44,1
67,31,97,114,104,1,99,6,5,75,0
106,86,14,77,1,70,74,97,114,51,1
11,104,41,86,75,119,28,44,101,35,0
69,49,27,113,93,30,36,123,6,34,1
75,63,14,114,23,2,95,30,39,21,1
27,64,111,58,34,126,105,32,7,56,0
39,67,16,15,72,121,10,137,123,9,0
18,26,76,64,9,101,22,14,71,6,0
21,106,70,86,79,6,94,110,57,77,0
21,112,86,8,102,85,30,95,55,44,1
71,44,22,14,72,129,57,91,123,10,1
109,90,30,41,59,99,71,68,40,44,0
53,14,47,62,84,46,119,21,15,35,1
62,77,93,31,10,8,101,14,7,99,0
38,17,101,37,92,112,67,23,36,35,0
48,75,2,112,87,68,44,21,1,114,1
109,75,49,45,126,64,129,27,56,128,1
21,8,71,11,100,108,9,28,113,70,0
86,104,75,65,32,6,101,14,73,78,0
17,15,86,14,69,5,48,55,39,51,0
53,75,58,135,108,22,14,54,78,119,1
7,135,1,75,84,87,30,114,138,14,0
32,106,83,1,110,54,49,55,14,28,1
8,120,27,64,76,83,7,56,33,99,1
39,35,137,30,26,11,96,37,64,12,0
93,53,7,102,36,41,5,120,104,1,1
11,5,28,123,70,14,36,33,75,53,1
14,59,1,45,86,85,34,30,88,93,0
74,96,19,8,85,128,66,43,93,7,1
26,128,126,8,102,101,68,1,47,67,0
120,119,138,85,108,84,9,67,14,102,0
123,23,74,36,93,100,99,72,8,50,0
54,1,72,5,17,138,64,91,76,97,0
6,75,21,51,101,67,25,20,10,86,0
6,64,123,100,11,60,32,114,101,75,1
63,35,43,101,46,31,60,66,6,15,0
35,2,55,93,86,120,21,30,44,14,1
32,69,7,11,1,31,96,104,27,56,0
43,81,47,6,83,58,84,64,8,138,0
7,137,72,44,11,78,17,101,93,74,1
91,13,8,75,97,31,64,65,54,4,0
128,71,54,21,43,36,106,86,44,91,1
88,6,126,20,123,26,104,14,25,35,1
35,96,138,53,41,1,27,75,7,17,0
40,138,30,49,104,8,5,27,32,95,0
105,114,52,85,1,11,41,86,14,77,1
102,98,5,138,6,114,70,19,17,30,1
121,43,1,84,17,34,123,120,129,67,1
108,6,70,1,93,30,99,16,35,47,1
2,113,91,75,86,11,67,97,33,110,0
47,68,112,93,51,35,34,21,14,32,1
10,1,138,5,113,93,19,129,114,128,1
10,37,48,35,83,102,6,2,20,30,0
120,84,93,90,75,1,77,105,104,121,0
71,26,75,138,10,42,137,25,123,27,1
35,44,104,101,32,86,81,105,23,67,1
84,42,100,61,18,93,31,105,106,6,1
119,93,64,7,31,50,8,86,69,22,0
35,4,96,47,138,56,25,101,29,135,0
32,120,54,64,93,137,53,26,17,94,1
36,20,39,54,64,6,14,80,136,135,1
30,67,84,136,126,2,76,27,32,44,0
41,35,110,31,48,26,57,136,39,81,1
32,56,76,111,33,86,35,93,96,119,1
62,70,31,123,34,60,7,1,121,11,0
21,6,30,26,2,29,5,20,44,8,0
47,21,8,64,26,20,14,22,6,42,1
100,42,47,14,84,71,26,41,10,6,1
1,75,113,98,22,81,8,18,13,101,0
28,14,31,114,128,26,75,8,7,11,1
75,30,1,37,7,22,39,81,8,123,1
70,68,69,7,9,123,21,35,14,108,1
26,135,42,59,86,1,138,85,72,8,0
18,110,138,105,86,67,2,97,13,7,0
70,25,106,31,50,62,67,126,7,104,0
108,95,36,110,105,85,120,47,44,1,1
42,93,84,105,114,26,81,44,35,71,0
9,21,2,14,6,31,120,100,53,109,1
60,19,67,22,37,21,54,120,14,43,0
51,11,68,119,138,16,129,5,84,80,1
1,81,6,31,9,88,39,2,54,30,0
1,86,79,11,68,37,85,104,123,9,0
71,96,50,11,41,9,138,36,104,74,1
35,91,22,17,37,81,74,5,84,7,0
65,100,51,8,84,138,129,126,22,16,1
6,11,119,138,50,72,98,34,100,8,1
34,8,6,49,17,11,31,42,14,113,1
12,14,11,101,56,21,86,138,32,126,0
80,88,62,25,26,65,119,41,109,63,1
34,73,9,101,8,126,93,44,25,1,0
135,107,44,26,75,22,6,27,76,57,0
78,121,27,7,47,64,86,138,114,48,1
1,71,47,74,87,76,128,93,100,105,0
26,72,6,14,11,36,8,74,23,77,1
17,86,32,35,73,93,54,14,56,74,0
36,8,25,86,84,99,48,20,76,22,0
88,2,50,93,52,21,20,14,83,8,0
138,17,58,72,84,85,19,105,1,126,1
48,25,9,110,97,22,75,53,35,62,1
76,94,75,87,85,59,11,128,99,86,1
11,48,84,81,64,37,106,135,75,44,1
114,32,93,2,50,75,31,81,67,100,1
51,88,4,13,138,34,120,48,87,62,1
18,135,67,50,97,11,14,35,41,119,0
93,72,100,137,13,88,5,129,63,9,0
83,1,12,39,62,123,37,35,102,41,0
49,20,74,101,93,1,17,11,19,100,0
83,17,44,40,23,75,6,108,15,49,1
62,54,102,56,21,32,2,36,14,44,1
26,2,22,50,12,73,11,16,121,37,1
7,28,52,13,12,69,30,123,10,25,1
97,90,4,34,61,30,56,41,44,5,0
35,84,104,32,86,8,12,7,107,96,1
30,39,1,31,96,15,82,129,119,37,0
37,80,75,102,8,73,71,60,5,6,1
29,104,101,98,32,71,67,5,87,15,0
83,106,6,14,41,21,26,8,99,44,0
14,22,2,57,67,6,90,136,19,102,1
22,40,30,66,27,14,6,36,93,90,0
36,93,9,112,21,56,97,114,51,15,0
27,9,75,95,42,68,32,19,80,101,1
63,135,86,36,27,11,34,96,16,121,1
68,99,63,15,8,93,60,16,76,37,0
14,26,47,21,129,50,123,48,119,94,0
58,6,14,104,22,100,105,17,21,86,1
6,7,106,137,86,2,22,41,138,68,0
22,104,1,62,21,49,35,44,129,5,1
74,93,84,21,26,45,105,17,42,98,0
93,100,15,128,62,43,73,138,14,84,1
42,7,26,98,86,101,14,28,111,93,1
36,14,26,60,1,76,41,31,7,59,0
64,99,138,6,20,81,1,101,39,84,1
109,58,8,70,41,19,99,53,71,34,0
74,103,68,121,1,30,10,35,53,7,1
54,32,22,88,34,76,12,129,47,75,1
75,101,74,138,54,7,69,62,6,22,0
104,128,71,106,2,44,21,96,25,53,1
53,86,8,70,21,138,42,16,1,98,1
42,97,26,21,27,58,11,138,1,14,1
64,39,45,62,4,47,40,46,12,35,0
112,11,48,137,75,101,14,73,120,119,0
65,86,54,87,96,9,14,31,35,93,1
114,22,97,32,69,101,108,64,98,6,0
22,79,90,18,129,101,9,25,126,77,1
49,20,30,6,42,64,44,26,35,21,0
14,8,31,35,49,2,6,26,42,20,1
34,22,129,9,8,75,26,54,84,106,0
56,68,42,75,121,23,87,20,11,67,1
76,59,86,67,99,19,119,74,104,56,1
95,70,53,20,101,32,29,62,72,105,1
108,44,76,5,136,67,100,60,68,35,1
97,136,73,105,93,36,20,7,6,35,0
15,67,119,83,35,2,85,138,4,54,1
13,14,93,71,113,48,34,28,59,47,1
121,120,2,67,100,138,30,93,123,104,0
76,1,27,123,49,128,44,22,9,108,0
135,95,1,121,27,114,59,87,104,31,1
46,27,93,77,7,44,28,4,73,76,1
114,14,106,10,128,44,97,7,86,85,1
7,21,120,15,59,9,6,53,36,62,0
22,35,72,30,18,47,17,54,75,28,0
46,42,75,64,104,45,71,68,56,128,0
30,123,104,10,138,14,108,109,31,83,0
44,46,11,37,91,101,59,26,56,54,0
37,17,104,93,86,84,53,8,137,14,1
110,54,75,63,53,21,76,2,20,67,1
113,62,29,18,85,36,32,19,11,128,1
22,46,30,108,56,32,74,67,53,97,1
17,11,32,49,72,1,74,113,34,35,0
34,43,30,26,53,21,17,44,107,29,0
35,14,84,31,2,98,86,11,8,87,0
32,87,74,29,70,102,138,96,14,97,0
11,5,14,44,129,9,39,1,97,83,0
2,58,25,84,43,95,34,8,35,123,1
70,45,33,138,18,86,85,100,67,49,0
64,44,119,23,93,6,75,16,5,128,0
61,14,22,67,7,75,35,25,8,104,1
84,2,85,70,39,36,50,128,6,119,1
52,30,49,32,14,16,74,67,91,53,0
67,105,74,81,83,14,55,62,18,68,1
62,44,72,86,128,51,55,26,97,2,1
21,106,41,97,59,30,84,99,74,35,0
89,54,11,40,60,5,21,49,71,64,1
2,26,35,36,8,82,18,47,37,22,0
28,120,123,7,14,17,75,44,96,11,1
104,8,82,123,7,14,75,114,50,58,1
71,8,30,88,14,19,106,5,99,123,1
14,86,53,76,50,74,11,28,21,54,0
11,17,7,19,44,23,92,14,126,51,1
0,0,0,0,0,0,0,0,0,0,0
37,64,29,47,35,30,22,44,14,42,1
114,10,126,39,21,14,100,119,56,25,1
89,47,83,85,21,6,26,59,72,14,0
70,104,56,2,27,94,22,42,6,26,0
86,123,99,71,30,47,1,6,10,28,1
104,56,6,8,25,9,71,63,86,34,1
47,22,64,135,56,36,75,58,120,44,1
75,8,65,22,37,83,35,5,67,100,1
26,71,33,123,104,138,30,119,14,11,1
22,30,69,18,8,67,60,87,64,44,0
44,90,137,6,93,94,123,30,28,25,1
87,104,63,5,44,32,1,2,30,111,0
113,81,47,25,3,15,49,28,27,37,1
49,26,36,44,105,25,46,40,17,135,1
22,34,35,75,138,19,135,106,94,37,1
9,36,74,92,10,50,70,29,35,26,0
123,58,41,101,72,50,28,105,86,1,1
45,41,21,56,101,30,102,113,11,14,1
4,137,101,7,13,48,14,121,60,17,0
56,126,59,114,72,19,93,11,86,7,1
63,1,58,86,3,2,89,42,97,13,0
70,68,56,62,112,99,34,47,4,5,0
26,61,14,11,44,102,138,43,1,59,0
44,28,27,13,75,84,20,9,2,99,1
8,31,37,6,21,22,44,47,26,20,1
97,119,104,120,64,128,51,106,84,41,1
86,43,14,135,70,11,108,100,105,64,0
84,93,96,128,14,85,25,13,101,48,0
50,44,30,47,113,86,13,71,11,128,1
53,86,64,1,59,14,98,87,23,104,1
31,54,27,30,25,42,129,102,135,59,1
27,105,35,59,1,50,77,30,47,48,1
16,26,17,42,75,98,21,135,84,30,0
11,100,84,120,128,6,14,59,74,78,0
79,6,30,59,28,36,97,63,71,32,1
30,93,74,14,73,70,84,68,26,97,0
50,100,36,106,6,5,41,34,22,21,0
14,10,84,104,12,15,68,105,44,91,1
105,64,8,123,75,17,102,62,96,70,1
41,22,95,85,34,35,8,27,84,29,0
35,136,14,67,119,84,37,55,137,30,0
14,54,91,86,21,34,138,129,72,7,1
74,19,41,27,32,58,87,23,35,7,1
50,74,93,86,21,100,35,106,14,78,1
104,44,53,13,101,138,120,84,47,85,0
7,36,58,136,27,2,48,87,123,11,0
100,80,87,56,21,60,31,1,113,53,0
101,138,27,18,96,11,104,86,54,121,1
8,19,128,104,11,22,83,32,54,25,0
6,64,8,28,63,32,76,22,123,26,0
138,87,36,14,109,6,1,85,34,32,1
21,74,41,86,14,42,9,76,20,129,0
6,70,36,9,30,102,14,63,75,22,0
5,64,16,53,67,113,59,101,45,93,1
49,35,86,84,67,87,47,59,9,44,0
8,105,86,46,27,7,60,19,47,5,0
53,31,36,14,10,123,64,99,5,70,0
27,32,94,11,83,69,30,67,71,75,1
106,14,96,1,105,32,97,101,100,5,0
102,36,99,72,105,44,20,65,28,25,1
104,85,4,30,28,44,32,14,54,74,0
81,64,94,56,30,106,7,18,14,44,1
86,70,120,74,27,69,101,34,8,23,0
56,27,112,101,23,123,2,5,91,90,0
35,83,74,47,14,43,21,26,108,104,1
72,10,121,42,13,68,120,1,16,44,0
20,74,106,31,136,14,67,35,30,100,0
47,104,28,101,75,88,62,94,58,86,0
46,72,56,111,96,33,1,73,74,106,0
7,93,5,129,27,50,2,9,70,48,1
101,114,37,75,35,86,6,3,96,62,1
120,2,36,1,14,26,101,135,35,77,0
2,76,11,14,84,83,56,60,39,1,1
5,62,97,19,21,22,49,53,83,52,0
1,14,97,57,86,121,39,35,119,30,1
31,98,114,17,27,101,74,128,2,49,1
84,86,8,17,129,44,62,9,64,135,0
10,64,76,123,102,47,20,37,1,14,0
138,85,62,39,128,14,101,11,41,13,1
71,11,38,83,19,8,69,26,105,5,1
83,49,138,1,22,30,53,44,105,135,1
30,32,97,44,53,99,101,6,71,36,0
88,8,35,10,20,76,27,63,69,32,1
6,120,5,86,81,71,56,50,97,82,0
74,99,21,63,6,47,22,85,113,12,0
44,2,105,59,86,93,106,21,71,112,0
42,101,123,104,76,28,30,54,26,11,1
68,26,114,11,97,76,87,10,30,98,1
6,14,20,22,2,8,64,44,49,26,0
14,8,29,5,42,21,26,22,30,47,0
15,53,64,106,93,54,44,75,101,62,0
110,68,93,126,104,114,87,17,1,85,0
6,80,135,83,105,114,104,106,121,27,1
53,39,86,123,19,29,49,43,59,1,0
27,11,135,4,14,83,85,53,67,74,1
8,123,106,50,19,56,46,31,104,68,0
6,18,36,9,41,53,8,106,75,25,0
36,100,8,9,5,101,4,26,2,138,0
136,8,86,14,51,62,32,36,99,108,1
56,105,94,88,1,8,68,58,62,35,1
36,11,67,41,94,104,2,63,93,47,1
106,9,10,104,107,102,66,51,6,44,0
101,120,64,16,70,83,5,114,32,104,1
59,91,14,54,19,80,138,56,63,64,0
102,41,21,88,25,42,64,36,35,100,0
126,21,14,64,90,56,105,72,80,68,0
78,138,9,90,42,101,22,14,44,27,0
54,71,29,101,10,30,41,109,4,63,1
36,114,34,83,56,8,108,9,11,64,0
38,104,2,27,36,46,57,48,30,50,0
36,108,114,41,97,81,69,120,19,6,1
58,106,34,101,18,32,37,11,7,108,0
106,10,38,37,74,1,128,97,19,135,0
36,99,53,105,32,29,101,74,93,121,1
110,102,15,87,12,123,6,10,32,100,1
22,104,44,71,123,41,11,14,5,32,0
29,30,42,59,123,56,83,26,34,36,0
62,56,120,93,126,76,86,17,35,27,1
104,35,45,67,29,46,11,17,47,88,1
109,40,104,101,86,12,136,123,126,14,1
67,104,51,18,56,70,68,41,11,84,1
85,91,63,109,30,52,10,8,106,36,1
62,31,42,36,72,104,13,64,9,44,0
82,47,11,113,31,27,6,95,61,9,0
88,54,114,5,13,75,104,76,41,26,0
46,58,97,138,51,76,16,107,5,128,0
27,56,30,104,6,11,112,43,54,16,1
36,47,102,86,84,12,22,75,28,21,1
79,14,54,35,75,137,104,123,138,86,1
121,23,26,1,75,91,49,56,20,6,0
123,85,106,1,55,84,111,11,100,110,1
45,1,9,49,119,75,11,67,52,37,0
30,129,7,123,80,17,37,2,6,26,1
74,26,56,66,32,96,27,22,53,36,0
38,32,54,22,9,67,76,49,26,123,0
26,45,32,85,135,22,4,72,98,19,0
14,6,87,7,59,42,21,30,86,99,0
111,56,77,30,59,33,6,73,100,71,1
100,11,97,30,59,113,107,77,57,18,0
68,75,114,69,32,56,26,27,106,108,1
17,47,38,41,85,26,70,52,51,43,1
74,101,75,85,49,82,79,68,61,14,1
44,22,30,47,42,31,18,20,6,36,1
31,98,42,84,106,70,5,17,71,90,0
6,20,64,8,35,29,37,22,14,47,1
8,30,2,42,14,6,31,47,21,35,0
1,5,84,32,128,85,46,26,129,126,1
59,30,101,1,11,17,56,36,75,84,0
64,67,11,22,30,6,14,60,50,35,0
135,14,123,1,9,85,26,128,74,10,0
47,104,87,41,35,44,85,86,129,62,0
108,59,36,120,64,29,74,8,72,30,0
62,21,44,5,84,22,26,69,71,1,1
84,35,41,81,64,18,56,44,83,26,1
14,74,45,49,10,96,18,101,75,73,1
76,28,138,26,64,70,84,9,105,98,1
37,42,65,51,104,10,19,86,43,106,0
101,67,66,36,44,55,26,21,42,45,0
12,123,31,76,98,22,90,37,41,81,0
31,33,97,105,25,75,26,42,30,12,1
93,7,50,5,21,30,2,40,70,72,0
31,47,44,18,120,62,8,11,34,37,1
74,113,1,11,5,137,47,72,120,45,1
108,5,25,26,1,40,97,138,44,30,0
110,106,46,92,95,48,33,89,119,15,0
34,69,6,31,90,79,44,120,30,11,0
54,114,22,79,97,61,16,84,56,52,1
8,84,129,17,30,2,7,87,1,56,0
29,9,120,21,93,111,11,2,70,20,1
100,64,98,95,32,97,84,14,34,67,0
44,37,11,4,45,72,15,101,136,67,0
50,106,104,7,11,84,56,93,86,96,0
111,67,34,2,40,53,35,58,94,105,1
77,83,21,8,23,87,137,56,72,27,0
9,123,44,106,69,112,29,31,94,35,1
62,6,69,84,75,121,105,129,8,59,1
101,3,138,99,22,45,75,11,87,85,0
98,28,2,48,105,8,27,96,84,101,0
70,136,29,64,52,83,48,105,126,135,0
136,62,12,19,30,78,97,11,22,35,1
41,114,71,26,30,6,100,55,31,99,0
84,9,33,16,36,26,17,60,10,30,1
135,21,9,47,7,109,81,26,37,31,0
82,4,86,17,41,36,8,112,101,119,0
98,109,9,86,56,75,67,17,50,42,0
70,36,41,79,119,137,75,97,37,1,1
21,72,30,42,86,7,100,62,67,22,1
35,5,2,26,44,34,33,80,28,70,1
74,41,138,113,63,26,47,86,11,67,0
55,75,109,2,57,20,99,21,137,7,1
8,40,84,22,1,69,44,32,53,64,0
95,36,26,21,2,70,126,60,121,123,1
30,5,42,14,113,67,119,34,74,2,1
85,136,48,14,123,17,57,138,120,9,0
19,52,14,5,30,74,1,64,86,18,1
14,9,6,22,41,28,47,56,98,26,1
106,51,87,12,33,85,79,65,6,96,1
67,71,11,31,102,29,68,59,44,23,0
48,59,50,91,106,114,86,71,14,35,1
20,28,27,85,5,101,114,35,107,113,0
64,16,47,36,105,95,62,14,89,123,1
22,1,86,136,60,40,80,41,101,62,1
54,2,86,120,121,80,105,96,8,87,0
120,36,54,87,96,137,26,28,67,21,1
14,7,67,32,39,11,10,91,2,138,1
2,26,138,75,33,20,14,104,112,113,0
40,8,121,95,14,44,23,84,69,87,1
36,30,97,105,44,11,103,123,70,14,1
136,41,45,123,104,48,85,6,65,62,0
14,67,84,119,93,71,35,99,101,91,1
99,34,1,52,22,30,67,11,14,19,1
114,91,135,11,42,14,126,101,34,70,1
9,76,71,72,32,8,81,106,62,88,1
6,14,9,50,36,74,2,138,30,100,0
97,96,84,68,44,17,64,93,35,123,0
129,90,1,72,71,108,106,26,67,75,1
55,138,73,97,44,75,100,30,54,2,0
138,128,85,30,56,105,10,14,44,47,1
35,41,5,102,75,52,83,12,96,11,1
4,45,44,40,34,32,119,93,7,36,1
82,123,85,87,8,6,74,35,22,30,1
14,106,89,64,9,17,11,1,99,27,0
97,128,74,18,76,48,75,29,13,20,0
70,84,101,74,104,30,107,54,93,26,1
7,35,36,128,26,1,102,41,34,64,0
28,56,8,71,9,30,126,52,41,35,1
30,100,59,108,6,53,14,11,98,50,1
66,30,9,21,67,97,39,25,44,85,1
20,6,64,44,8,5,22,21,37,47,1
14,20,10,21,90,61,103,35,66,25,1
18,60,58,32,89,62,21,83,29,12,1
35,2,9,32,48,94,62,123,44,16,1
40,26,2,41,45,70,36,119,14,84,1
83,32,8,86,135,1,35,137,37,31,0
70,19,120,5,88,8,128,2,39,112,1
33,74,44,63,104,14,86,77,20,28,0
129,40,58,11,39,56,49,71,65,35,0
14,70,106,84,87,82,99,85,89,64,0
135,56,87,84,22,67,35,42,13,98,0
35,81,26,86,70,32,11,85,98,34,1
43,9,14,44,86,84,75,90,73,109,0
44,21,26,36,6,2,94,63,104,75,1
7,18,85,10,95,83,16,46,114,32,0
2,40,76,93,79,18,37,53,15,32,1
69,26,11,44,72,52,16,14,97,67,0
2,44,8,37,5,6,14,47,42,30,0
104,70,74,14,26,35,2,121,44,113,0
58,32,37,106,107,14,62,41,98,5,1
58,74,2,27,56,44,110,34,72,50,0
9,41,86,29,74,121,7,17,63,87,1
73,119,38,44,56,94,26,62,63,8,0
14,59,35,12,123,1,88,126,41,23,0
15,105,11,10,23,76,69,30,53,19,1
69,2,48,84,99,87,93,57,43,11,0
9,14,12,30,108,32,42,20,11,4,1
123,85,47,27,1,33,4,26,14,109,1
129,30,6,91,44,10,53,14,74,120,1
28,34,86,129,93,128,101,2,26,6,0
66,84,99,4,92,107,29,58,13,49,1
30,36,14,1,59,93,42,101,43,9,1
50,67,70,9,11,109,34,104,138,83,0
14,46,44,60,86,36,7,35,71,98,0
7,19,44,34,105,137,62,63,26,30,1
2,30,74,18,123,21,76,104,52,93,1
42,50,34,84,1,101,37,67,47,2,0
59,17,4,63,106,105,47,71,6,87,1
90,137,73,128,11,64,76,31,114,4,0
95,98,18,67,45,6,2,42,86,32,1
14,123,11,44,128,38,21,106,64,93,1
1,75,30,23,97,100,11,8,72,26,1
26,71,90,32,108,22,72,20,105,74,0
2,68,37,6,47,138,85,35,100,114,0
8,21,33,40,11,42,35,93,9,5,0
59,49,56,44,138,123,2,34,1,45,1
126,31,7,105,109,91,9,75,8,104,1
61,121,76,91,138,14,87,100,137,73,1
99,91,35,59,14,4,30,68,7,63,0
76,39,64,44,49,123,6,104,91,138,0
42,56,12,26,35,14,40,50,36,123,0
10,99,100,138,71,59,56,8,119,13,0
75,42,85,86,6,129,27,94,84,44,0
5,119,21,74,9,13,100,109,87,128,1
4,97,93,43,30,101,51,75,6,87,0
82,81,105,64,41,34,48,1,86,77,0
70,9,106,50,35,36,80,68,16,8,1
93,37,30,14,11,72,129,44,114,64,0
100,128,11,43,110,54,17,75,14,86,0
67,69,22,86,102,93,97,26,110,74,0
85,67,43,86,129,22,28,47,5,114,0
99,30,25,40,8,120,31,14,104,18,1
64,27,60,54,39,28,7,83,21,67,0
32,105,19,94,71,14,2,138,86,103,1
100,106,80,35,27,2,22,9,86,44,0
44,86,22,112,54,65,35,1,71,79,1
123,106,11,75,8,48,108,86,126,32,0
93,120,19,63,105,96,28,30,109,35,0
104,14,11,71,35,28,22,27,56,101,0
57,4,52,99,35,112,71,22,72,75,0
1,26,80,98,88,95,62,96,14,40,0
11,26,35,5,68,105,112,71,54,14,1
89,11,85,88,121,129,98,69,17,6,0
54,85,1,64,47,5,46,129,50,67,0
59,80,56,5,14,64,23,60,86,10,0
59,11,44,86,25,85,62,14,32,26,0
5,11,32,109,31,25,8,30,37,105,0
49,86,26,56,84,138,9,31,69,98,0
128,110,46,86,44,71,104,91,50,101,1
34,135,31,45,4,104,49,63,129,30,0
2,54,5,119,34,27,46,45,59,4,0
64,21,82,86,71,62,113,7,28,56,0
59,13,47,135,101,126,84,17,23,106,1
1,114,11,27,14,138,105,87,74,23,1
75,104,123,48,76,30,1,11,5,137,0
97,114,123,21,10,128,74,106,70,104,0
15,47,59,126,46,8,27,3,86,16,1
102,67,36,86,123,64,23,138,70,69,1
93,100,27,70,76,54,19,105,101,28,0
114,14,68,23,87,13,8,35,102,128,0
19,138,60,93,14,27,28,126,5,6,0
8,72,76,43,25,44,75,20,11,63,1
34,10,72,53,105,108,32,22,47,12,0
93,113,52,27,1,63,19,28,5,37,1
4,25,71,76,104,74,41,29,101,123,0
21,11,135,31,67,7,58,34,9,6,1
19,54,11,137,31,80,64,6,93,35,1
123,50,53,11,22,2,98,114,35,37,0
101,104,68,26,99,34,30,60,93,71,1
62,22,6,85,28,19,17,89,3,128,1
21,44,35,84,40,19,74,67,28,97,1
75,19,86,58,41,123,26,1,106,16,0
128,8,46,84,105,68,138,54,26,35,1
31,85,89,11,8,36,35,3,54,22,1
59,56,119,9,135,86,70,34,18,26,1
98,64,74,33,138,43,11,104,14,120,1
71,1,113,83,62,26,47,72,99,36,1
15,120,82,135,2,119,33,34,68,47,1
80,75,68,22,44,70,58,86,26,138,1
87,106,58,73,75,100,14,11,7,28,0
80,6,36,49,106,89,68,19,110,27,1
60,109,36,101,75,44,23,35,19,50,1
15,17,60,1,86,68,135,43,99,34,1
68,47,95,71,4,63,64,61,81,30,1
40,96,35,44,32,21,128,104,6,22,0
99,11,5,6,72,17,112,8,68,96,0
4,50,74,8,16,87,54,38,58,36,0
91,123,14,114,138,108,113,44,89,31,0
84,105,27,8,59,101,63,90,99,64,1
87,22,6,63,86,30,49,99,93,74,0
22,137,129,14,36,45,105,62,10,7,0
51,75,4,30,13,70,22,59,71,39,0
111,98,121,5,71,41,86,40,22,44,0
75,69,20,8,14,28,62,64,119,67,1
47,14,75,107,35,2,9,50,128,18,0
71,104,11,1,87,23,41,101,26,7,0
49,31,14,93,9,47,12,64,30,26,0
2,39,129,99,22,47,84,102,79,44,0
17,31,135,12,71,136,75,19,11,63,1
86,65,2,93,75,99,1,19,76,85,1
10,25,114,48,26,9,5,119,85,1,1
79,2,138,6,128,105,32,126,35,23,1
112,31,74,11,93,69,56,35,14,86,1
44,35,102,12,53,14,46,74,1,101,1
11,2,93,64,86,123,15,101,14,107,1
41,35,97,33,69,30,91,19,64,52,0
34,2,37,10,114,14,54,91,102,112,1
34,97,28,84,95,44,87,17,22,69,1
44,29,6,37,14,31,64,22,47,42,1
81,56,138,73,44,13,11,47,32,97,1
21,11,46,71,33,128,5,1,62,37,0
14,8,113,46,98,34,54,53,2,75,1
17,123,95,104,84,15,51,109,30,19,1
22,38,1,59,73,30,35,71,95,99,0
35,67,99,72,9,75,6,1,85,53,0
56,97,58,30,2,33,35,44,26,138,1
39,85,53,48,14,138,72,101,135,41,0
97,101,23,108,94,37,16,86,80,138,0
70,39,105,129,102,75,26,44,60,54,1
87,44,98,17,101,119,19,9,23,97,1
73,64,8,22,93,53,70,49,120,27,1
1,2,56,50,9,32,71,22,14,44,1
42,47,26,64,6,35,31,30,2,22,0
91,11,123,53,93,75,110,86,6,84,1
3,16,15,62,38,42,85,83,22,60,0
75,114,80,47,41,43,79,121,72,73,0
32,128,103,75,85,14,7,8,31,46,1
105,28,11,138,86,60,56,5,82,9,0
93,87,53,97,136,104,26,102,21,68,0
2,13,123,30,56,69,41,114,97,64,1
81,138,75,93,86,30,29,44,84,94,0
16,64,6,59,75,49,70,30,74,65,1
74,41,64,7,86,72,11,114,85,61,0
104,14,35,59,11,126,119,80,93,45,0
114,105,26,32,39,8,18,137,3,48,1
1,104,7,71,56,51,32,41,30,100,0
46,136,45,18,81,22,1,16,8,88,0
69,67,6,5,27,35,62,44,99,85,1
9,104,40,7,31,30,62,126,14,21,0
44,37,112,106,5,42,105,34,48,11,1
121,16,6,86,87,91,53,21,22,67,0
81,7,128,13,27,6,91,100,17,53,0
95,72,34,113,58,36,32,71,40,44,0
22,93,102,56,47,59,74,135,33,44,0
123,8,10,114,85,105,107,23,121,17,1
71,56,136,76,64,1,14,63,84,35,0
19,136,62,84,22,107,43,6,21,101,1
53,9,2,21,7,35,95,76,40,88,1
47,86,42,138,25,114,63,65,22,99,0
70,104,137,39,37,35,11,6,33,2,1
11,92,35,10,64,113,14,81,123,71,0
102,58,13,54,7,14,113,8,75,74,0
108,73,77,136,11,105,31,6,15,21,0
47,4,138,48,26,1,50,39,6,72,0
26,126,93,14,31,123,38,41,104,86,1
36,64,106,30,98,99,84,83,15,77,1
31,53,3,113,129,111,1,30,87,17,0
44,76,83,62,96,8,114,64,58,2,0
36,57,95,7,14,41,55,6,74,42,1
51,60,31,35,70,75,87,88,93,36,0
58,73,72,96,86,76,97,110,12,126,0
55,69,101,56,113,77,11,97,1,30,1
32,82,105,8,30,7,73,41,69,80,1
30,103,5,44,45,26,52,15,17,41,1
35,11,29,62,1,120,6,30,56,72,0
36,93,26,56,88,71,1,64,128,75,0
29,126,1,30,50,83,6,28,86,114,1
114,83,11,77,94,59,54,1,21,26,0
12,14,27,1,110,106,105,17,98,15,1
71,123,138,114,76,5,9,86,98,70,1
11,47,2,86,41,6,64,93,7,35,0
54,104,64,21,43,32,69,11,112,44,1
60,36,14,56,4,70,11,26,6,74,1
17,128,19,64,27,71,44,35,87,41,0
84,1,66,105,96,114,4,62,7,63,0
7,33,107,14,70,93,71,138,113,44,0
21,32,14,113,64,87,138,34,108,56,1
50,44,31,36,80,23,93,101,14,32,0
95,14,35,87,50,22,93,5,84,74,0
14,56,113,30,8,35,104,26,74,129,1
3,14,42,21,119,38,48,27,22,114,1
49,128,75,18,19,82,29,99,68,108,1
42,49,17,114,90,84,8,62,6,59,0
63,86,56,52,104,67,19,27,75,69,0
19,50,99,105,103,113,104,48,71,46,0
84,11,72,14,21,44,2,5,9,25,1
72,8,5,49,11,28,93,64,42,41,0
101,28,76,72,15,11,9,6,100,27,0
85,13,84,6,68,86,16,99,54,14,1
21,2,72,113,121,64,60,25,90,104,0
7,99,128,25,4,84,41,10,34,14,1
43,5,21,94,95,84,16,39,15,35,1
75,54,110,14,102,128,21,85,69,93,1
74,98,105,97,1,30,83,123,38,93,1
6,44,2,30,20,21,64,8,35,26,0
44,49,21,64,26,42,8,6,14,20,1
11,20,137,44,22,56,57,104,86,72,0
67,62,87,121,14,32,114,45,74,100,1
110,83,6,100,58,31,123,26,49,81,1
62,59,85,83,54,60,14,138,7,12,1
2,27,128,1,34,93,113,5,70,50,0
123,129,6,56,50,61,75,27,93,22,0
50,44,13,101,95,1,121,21,28,64,0
22,5,47,106,71,35,65,30,2,17,1
12,84,128,2,6,105,75,35,42,16,1
93,37,138,27,120,2,47,22,44,101,0
64,106,9,69,109,104,85,120,101,6,1
107,41,94,71,51,90,85,6,84,62,1
86,74,30,72,120,93,111,36,105,14,0
109,75,58,4,30,81,106,80,93,119,0
72,67,2,27,106,68,45,9,16,6,0
31,67,1,4,19,88,27,137,33,14,0
123,1,96,34,22,74,47,31,36,70,1
16,14,85,84,6,25,99,26,40,63,1
30,15,95,97,123,41,59,105,48,88,0
26,6,105,85,56,110,77,36,10,86,1
17,123,72,54,40,29,67,18,75,30,0
35,75,27,119,7,123,11,34,17,22,1
5,76,28,94,106,120,93,13,63,47,1
49,101,14,86,1,30,138,11,137,45,1
32,67,41,27,137,15,74,6,48,69,1
30,6,101,20,93,17,15,110,46,85,0
70,11,62,64,129,114,14,22,88,123,1
76,120,71,8,37,42,87,11,55,1,0
99,76,36,41,26,90,67,14,109,35,1
106,21,14,36,40,123,26,110,42,86,0
26,67,14,2,59,30,27,81,41,31,1
22,5,64,21,8,42,6,37,35,31,1
114,70,49,37,23,5,2,106,59,41,1
44,123,13,106,14,87,128,54,51,76,1
26,7,8,14,74,56,64,41,128,129,0
1,75,102,21,30,50,14,87,11,99,1
86,14,113,74,75,104,1,11,50,43,0
59,44,11,35,52,73,101,55,74,128,1
90,8,47,5,61,62,138,111,6,83,0
114,59,22,7,34,6,9,84,17,41,1
8,106,5,85,22,11,49,1,105,25,0
70,105,22,72,119,27,21,1,67,53,0
28,83,8,104,32,6,29,5,76,96,1
11,54,109,80,27,71,8,76,63,62,0
34,63,32,75,6,56,2,106,50,85,1
80,1,33,70,135,21,27,11,84,17,1
22,47,29,37,31,64,20,49,35,21,1
6,29,5,31,2,22,14,8,37,21,1
67,86,44,65,18,46,102,70,110,40,1
104,87,6,128,138,14,8,120,136,45,0
67,17,135,87,114,123,102,43,11,34,1
14,76,128,70,96,138,5,9,21,28,0
23,71,6,1,44,91,5,93,16,9,0
91,83,13,107,135,19,106,1,38,95,1
18,84,102,65,121,71,105,22,93,26,0
44,42,27,30,22,35,50,108,19,53,0
60,112,93,138,75,8,137,119,71,1,0
87,138,1,123,49,95,42,5,11,108,1
47,34,107,99,20,4,83,128,42,22,1
66,123,30,29,129,11,9,32,20,85,1
14,1,123,47,114,89,58,121,21,22,1
99,11,30,42,84,64,44,86,14,39,1
70,19,11,54,40,64,1,129,128,39,1
26,9,99,119,138,14,70,83,84,2,0
5,78,56,126,86,25,12,85,51,32,1
45,76,30,12,34,49,56,26,20,83,0
17,94,35,26,113,56,5,44,11,30,1
41,35,7,108,71,2,101,64,8,14,0
74,7,27,95,21,34,86,104,14,13,1
129,123,44,84,32,68,14,63,22,48,1
123,14,135,41,31,9,106,59,12,62,0
11,84,42,83,8,93,79,5,21,96,0
26,15,114,101,54,71,64,100,46,128,1
59,44,40,87,39,97,49,110,82,4,1
1,138,3,19,123,76,31,42,9,44,0
101,71,56,120,104,76,42,88,5,1,0
14,86,104,8,36,84,138,23,75,10,1
95,21,27,17,1,45,135,104,44,20,0
99,69,68,26,138,84,49,85,28,36,0
46,81,15,64,45,42,58,26,47,29,0
2,22,67,105,7,44,96,40,106,75,0
40,7,11,34,102,27,86,120,56,135,0
138,101,71,41,64,62,8,46,31,85,1
30,2,35,86,8,74,100,97,85,56,1
7,12,82,2,72,22,86,129,63,46,0
70,57,31,21,82,23,8,32,107,30,1
74,93,31,19,129,86,75,67,104,27,0
68,63,22,105,14,26,113,80,6,27,0
41,27,76,47,14,36,81,40,50,93,1
26,44,11,97,62,41,2,34,47,64,0
84,138,49,35,21,87,90,13,28,50,1
9,120,2,8,86,35,107,26,62,137,1
40,9,90,6,70,79,7,138,86,18,1
5,99,1,2,43,62,56,82,8,73,1
36,70,27,106,64,1,111,74,42,71,0
138,65,10,5,83,91,34,62,100,11,1
6,119,54,104,82,71,78,64,44,123,0
5,89,73,114,11,105,99,74,12,76,0
86,29,10,18,57,47,90,39,21,81,1
102,98,41,100,74,31,18,64,17,6,0
29,2,32,72,18,76,75,94,97,112,1
50,12,31,104,106,72,74,83,114,101,0
97,123,56,120,76,64,38,1,74,92,1
54,104,19,6,86,11,111,14,93,26,0
26,71,1,56,54,27,17,14,88,41,1
7,85,44,80,14,23,27,30,18,59,0
97,86,14,8,120,74,51,11,6,87,1
108,75,30,1,35,86,21,87,36,67,1
136,56,52,1,103,9,74,35,14,45,0
44,21,47,20,26,64,49,35,14,2,1
19,16,8,64,7,5,87,56,43,137,0
31,77,110,39,41,16,87,104,93,86,0
67,32,26,7,62,75,99,5,8,74,0
111,78,72,45,59,100,52,97,94,19,0
14,56,3,13,53,137,100,70,50,113,1
39,75,138,106,98,83,123,49,114,55,0
108,11,135,67,99,6,44,50,56,96,1
56,100,27,60,11,68,92,35,41,110,1
14,93,11,41,1,91,114,2,74,121,0
138,21,62,14,104,27,59,44,2,74,0
2,11,123,44,51,101,72,19,8,22,1
113,41,101,77,34,60,16,44,30,87,1
108,18,126,91,21,27,2,11,8,14,1
35,14,77,4,91,59,32,18,60,128,1
111,104,13,40,30,98,80,46,18,9,0
91,48,85,41,109,138,104,52,95,14,1
60,71,113,66,96,21,43,23,136,44,1
88,11,86,106,26,121,107,104,62,42,1
46,138,22,104,31,1,5,49,84,59,1
68,6,94,99,106,105,21,56,83,23,1
20,17,12,67,45,31,74,5,99,8,0
6,74,14,5,11,93,35,101,67,62,1
40,47,59,112,128,111,45,93,70,75,0
62,42,71,6,30,2,75,41,68,111,1
128,32,80,10,58,53,29,22,44,111,0
78,68,2,121,101,73,74,40,16,136,1
46,128,14,53,64,137,81,71,44,63,1
96,106,62,12,36,40,86,16,11,41,1
42,64,20,22,106,17,67,8,32,49,0
92,84,34,42,14,72,70,45,101,36,1
81,6,42,138,8,26,31,18,36,47,1
86,67,76,62,63,111,1,58,21,41,1
2,87,71,76,8,58,80,64,16,72,1
1,5,85,11,110,56,58,97,44,138,0
30,35,70,57,97,44,86,84,114,106,0
43,128,138,26,17,14,123,1,34,104,0
88,100,109,17,60,11,32,93,5,87,1
81,126,30,4,62,53,71,101,111,94,1
44,42,6,5,50,15,28,29,101,43,1
48,31,28,90,35,1,83,59,2,21,0
49,75,93,20,86,71,21,4,97,27,1
42,44,114,105,14,8,34,30,137,74,1
14,58,22,1,40,67,48,28,53,104,0
62,75,53,108,45,85,69,138,68,119,1
96,10,22,105,126,2,30,104,6,71,0
8,7,75,11,135,72,2,35,44,14,1
34,93,56,33,91,74,107,105,101,58,0
65,105,112,67,14,30,36,44,68,96,0
5,75,7,102,48,30,77,121,80,93,1
68,128,41,129,106,26,31,64,1,108,0
45,101,50,78,138,56,104,86,32,17,1
137,136,13,85,44,93,35,37,71,33,1
59,53,34,104,14,98,72,50,76,74,1
28,93,121,86,21,35,83,84,17,40,0
39,42,64,104,26,67,20,7,56,14,1
70,113,54,47,56,87,88,75,11,100,0
2,72,84,14,85,15,9,64,123,42,1
9,97,87,106,70,14,10,137,20,28,1
33,44,119,27,80,50,97,56,51,8,0
4,13,49,31,9,88,34,28,86,93,0
5,62,17,67,68,11,64,22,70,16,1
94,96,75,34,64,82,58,110,10,18,1
6,36,9,15,8,47,85,84,114,76,1
54,50,86,34,96,46,28,84,14,70,0
13,52,91,53,83,113,89,85,14,65,0
6,75,2,30,71,51,104,25,44,12,0
14,54,28,1,86,123,29,9,87,26,0
64,42,106,65,37,31,35,69,8,14,0
97,14,70,105,30,123,25,34,56,99,1
22,11,23,91,93,114,99,21,44,126,1
120,119,107,13,7,98,123,84,104,81,0
32,38,1,75,101,104,67,87,9,126,0
2,14,94,114,5,8,57,49,22,72,0
138,29,101,18,26,88,85,27,74,93,0
38,84,30,95,67,14,47,27,114,60,1
22,128,8,9,99,64,32,80,5,96,0
35,47,20,75,81,101,48,30,82,57,0
44,35,17,85,50,105,23,14,119,71,0
71,79,102,26,54,129,106,9,30,67,0
8,85,86,6,71,10,77,40,20,14,1
44,26,31,21,35,29,42,6,5,37,0
49,37,42,20,22,8,44,31,47,26,0
87,10,56,99,31,60,137,67,102,27,0
21,98,28,54,135,58,37,14,67,22,0
27,69,76,2,64,84,55,59,119,129,1
106,1,75,123,33,136,87,93,100,138,0
136,44,68,129,27,56,14,86,38,53,1
81,14,35,62,3,72,34,104,4,47,1
48,1,72,30,108,84,14,20,21,35,1
75,104,64,44,40,123,76,30,5,1,1
31,34,138,101,104,86,27,80,1,15,0
65,135,30,26,1,136,14,27,36,6,0
107,62,40,13,8,17,30,110,93,9,0
103,90,22,137,26,59,27,36,76,1,0
14,34,26,104,45,84,35,5,81,67,1
105,14,104,21,93,75,128,35,26,53,0
62,76,36,34,138,104,27,6,33,4,1
42,14,36,58,44,101,67,9,2,20,0
112,95,100,17,64,137,14,21,44,98,1
14,67,30,101,35,18,86,33,44,34,1
35,29,52,59,14,99,91,8,11,55,0
113,10,93,105,14,30,56,59,99,12,1
33,21,18,100,94,14,27,91,32,10,1
62,30,54,21,10,15,14,46,26,9,0
86,2,70,83,11,14,94,48,97,31,0
104,53,48,26,101,22,18,34,27,28,1
26,108,47,6,113,63,89,84,72,138,0
84,88,8,57,12,5,70,14,85,7,1
9,35,104,5,6,88,14,123,43,32,1
50,14,28,30,42,8,71,54,35,33,1
45,14,27,99,44,93,137,90,106,74,1
56,62,20,99,6,126,53,34,35,111,1
25,100,30,1,76,74,120,75,35,85,0
12,84,22,1,104,28,7,70,30,106,0
95,18,8,62,63,114,11,38,14,1,1
98,30,74,15,99,59,1,119,80,27,1
75,28,42,112,84,4,136,83,89,11,1
65,108,31,44,72,8,129,5,9,76,1
94,105,30,36,60,26,29,16,44,14,1
100,7,33,34,63,99,126,59,86,101,1
114,77,35,123,79,6,16,101,32,135,0
74,14,6,9,83,35,93,34,86,19,1
42,89,96,123,55,52,66,20,13,71,1
105,22,11,16,107,95,50,86,120,28,1
83,2,37,30,136,84,11,7,102,110,0
5,75,138,69,102,59,84,128,42,47,0
7,79,68,11,67,46,32,31,119,93,0
121,93,5,30,12,72,99,34,6,98,1
27,119,99,97,53,14,25,50,6,86,0
19,138,104,22,112,74,72,14,91,135,0
28,88,9,102,48,70,7,80,3,121,1
53,10,98,76,123,102,74,41,49,103,0
54,17,71,138,26,16,8,106,30,96,0
9,128,70,10,28,74,71,121,93,126,0
22,84,7,44,35,58,119,41,28,86,1
113,23,92,12,105,126,85,9,93,136,1
33,6,50,11,95,46,99,26,4,71,0
44,126,16,138,123,14,58,93,67,35,0
44,33,129,104,4,85,17,21,119,14,0
100,105,29,93,14,138,75,54,136,7,1
23,129,46,68,6,12,60,50,14,119,0
4,35,86,30,3,119,34,17,53,26,1
62,47,128,105,104,32,35,101,111,71,1
11,6,30,86,64,5,44,85,42,84,1
100,15,44,30,1,104,41,49,36,136,1
34,123,1,14,128,30,111,10,71,106,1
32,85,11,86,81,35,2,45,6,39,1
74,21,83,22,32,27,138,92,97,137,1
101,10,13,14,110,103,123,18,11,5,0
110,8,85,11,20,48,49,26,39,2,1
119,44,14,16,11,31,7,39,8,52,1
0,0,0,0,0,0,0,0,0,0,0
5,41,4,101,70,137,2,75,44,27,0
44,78,19,101,7,80,62,45,27,2,1
6,62,86,75,67,13,8,14,27,40,0
105,67,99,71,123,42,85,120,101,35,1
2,1,26,40,56,22,41,70,74,44,1
97,64,1,87,14,76,105,30,44,85,0
58,93,54,36,35,22,12,26,21,99,1
88,21,96,8,93,41,31,101,47,53,0
21,30,50,52,9,33,128,22,86,81,1
72,70,23,30,74,20,88,56,36,2,0
40,36,77,8,73,104,86,1,74,5,1
1,5,26,22,42,68,84,48,99,34,1
32,9,49,18,68,22,45,112,27,6,0
84,67,45,43,97,37,17,6,138,85,0
106,9,123,135,93,76,126,28,6,37,0
105,85,31,10,15,84,14,13,35,62,1
99,16,33,46,90,36,62,110,25,11,1
64,44,31,42,29,6,22,5,35,30,0
12,58,26,29,83,53,15,129,23,72,1
83,15,8,36,126,30,119,44,10,21,0
6,84,11,25,26,104,10,112,86,101,0
70,35,88,21,22,95,58,1,28,6,1
6,75,23,44,119,86,27,47,72,123,0
97,37,123,44,88,47,36,55,1,58,1
2,74,91,123,41,85,44,22,86,112,0
86,8,75,49,129,64,6,71,41,14,1
84,50,63,75,19,15,14,6,58,11,1
31,27,113,94,114,68,42,14,52,8,1
49,6,68,31,111,35,14,71,120,106,1
138,35,88,27,29,47,9,44,123,11,0
30,4,63,119,14,26,16,20,106,6,1
56,11,71,123,36,19,16,138,22,40,0
28,11,105,26,36,62,46,63,2,113,0
10,27,14,58,111,41,6,82,20,31,0
14,11,62,91,42,38,21,7,35,104,0
93,26,2,30,114,49,75,62,67,35,0
31,17,67,53,19,54,71,101,36,104,0
93,26,11,29,31,57,47,138,71,104,0
71,28,22,64,114,27,70,40,62,135,1
50,54,106,14,86,89,22,33,105,59,0
55,11,93,135,44,104,40,84,119,46,0
88,25,107,55,26,14,48,128,90,109,1
53,98,29,30,100,14,35,41,1,123,0
30,71,15,10,59,119,63,17,101,108,0
11,30,93,22,69,84,47,41,86,26,1
71,54,5,52,1,75,53,97,89,28,1
15,25,107,62,97,99,90,11,42,87,1
4,92,26,11,85,96,14,35,25,123,0
94,102,44,119,22,4,5,63,20,84,1
9,95,54,129,34,14,35,111,84,29,1
5,58,18,50,6,85,8,99,27,35,1
104,111,41,63,71,105,95,113,2,86,0
62,71,1,85,49,50,22,2,9,67,0
50,19,30,56,36,97,15,83,2,1,0
11,35,14,105,109,56,36,77,99,58,0
18,43,62,101,35,64,7,68,8,75,1
98,48,23,30,88,10,91,137,6,69,1
93,32,17,79,34,73,106,11,62,74,0
5,80,49,109,48,93,69,108,87,36,1
112,4,32,12,63,84,1,135,80,2,0
31,123,56,8,75,84,13,71,6,95,1
75,36,2,40,5,74,86,35,43,30,1
45,74,27,61,6,38,68,39,77,67,0
10,45,69,44,62,3,97,9,63,67,0
68,129,93,123,6,47,99,7,36,3,1
37,6,69,14,121,72,11,2,67,26,1
97,71,22,119,93,81,74,101,87,67,0
2,128,1,76,47,59,19,8,27,53,0
23,44,13,10,99,75,30,93,94,27,0
86,138,41,95,34,123,54,35,94,114,1
56,22,2,90,45,120,88,11,68,87,1
10,85,35,44,26,11,74,92,138,17,0
66,105,14,113,10,33,97,109,18,83,1
105,93,5,77,32,11,35,104,56,26,1
80,68,2,1,106,30,35,129,11,123,0
13,11,94,86,129,138,30,137,34,128,0
42,22,129,136,55,5,8,101,86,93,1
107,114,72,36,20,62,50,129,93,35,1
93,49,68,11,86,41,15,47,84,87,1
50,6,76,43,105,114,84,19,11,135,1
29,26,89,17,53,71,44,108,84,123,1
67,64,104,59,48,76,32,94,30,2,1
72,44,43,26,119,68,42,9,34,100,1
72,36,91,35,119,69,6,74,21,93,1
33,42,39,75,54,74,71,29,67,22,0
72,86,7,56,60,119,35,87,9,104,0
22,35,42,5,20,29,30,47,49,31,0
41,14,45,35,36,53,4,25,1,5,1
32,106,93,30,28,9,25,44,19,6,1
34,88,40,15,1,104,22,138,105,64,0
52,50,6,128,21,137,11,113,3,86,1
107,21,138,40,30,80,26,41,99,25,0
32,2,52,8,56,87,44,7,15,64,1
21,37,67,47,119,109,105,75,14,10,1
86,46,56,23,111,14,61,138,30,27,0
6,83,74,9,1,101,75,54,42,14,0
32,35,104,11,101,91,7,84,41,62,1
16,91,5,70,11,123,138,69,106,65,0
54,26,36,27,86,35,120,84,1,75,0
43,1,75,50,74,32,30,14,23,93,1
28,106,138,5,8,67,74,128,64,2,1
128,86,53,41,84,34,44,96,105,32,0
4,114,91,44,17,25,14,19,105,31,1
87,86,69,92,2,123,66,4,16,22,0
56,41,69,64,30,2,32,75,76,42,0
7,45,20,80,35,70,81,82,27,6,0
62,105,68,35,81,74,110,8,9,104,1
138,53,88,34,56,40,111,55,41,1,1
106,105,56,85,40,62,36,19,89,6,1
128,11,7,41,50,44,30,67,21,36,0
3,6,97,2,21,70,100,90,72,86,1
83,75,56,35,108,32,113,104,11,22,1
30,17,6,37,65,54,72,69,58,106,0
34,86,2,102,22,67,65,26,99,68,1
34,64,14,43,1,26,87,76,99,2,1
88,32,42,35,53,2,121,9,90,6,0
56,86,25,76,44,101,70,93,3,99,1
8,82,84,106,2,21,75,1,39,46,1
7,77,8,37,59,35,102,86,44,31,0
73,91,101,84,69,1,126,119,38,64,0
110,74,13,114,43,25,15,64,27,54,0
17,33,101,93,84,67,6,54,21,119,1
114,81,16,70,62,12,49,14,37,104,1
28,22,99,30,44,105,70,97,129,14,1
1,20,52,135,27,138,14,113,26,121,1
71,75,32,94,79,11,101,28,105,54,1
47,20,8,14,70,35,27,28,96,34,1
11,44,84,86,72,67,62,39,105,129,1
26,81,13,64,96,36,14,110,54,86,1
119,8,138,66,7,31,129,54,123,67,0
42,69,2,106,79,104,76,108,105,8,1
19,9,51,62,8,123,14,1,76,68,1
56,30,27,84,14,26,10,57,28,64,1
62,34,22,11,53,35,120,64,6,44,0
55,72,41,109,31,108,30,85,44,7,1
102,16,22,56,119,35,27,70,62,42,1
68,11,9,38,95,102,35,83,72,100,1
35,93,104,91,75,67,87,138,14,62,0
35,8,31,29,64,0,22,37,47,20,0
61,50,22,93,128,97,13,40,41,57,0
67,98,75,60,83,135,14,44,138,30,1
4,99,62,5,42,9,102,105,8,83,0
114,35,97,50,60,58,62,11,44,23,0
11,97,69,88,67,28,128,114,30,73,0
121,31,93,106,60,102,49,30,71,138,0
14,121,26,104,59,25,138,99,54,71,0
80,96,56,97,75,106,69,76,58,90,1
100,14,97,79,59,22,90,104,109,17,0
89,30,104,113,14,75,38,111,27,80,1
83,20,11,75,58,72,13,51,1,104,0
7,35,1,126,85,74,48,100,129,67,1
11,87,22,1,108,123,70,86,58,129,1
73,93,62,70,72,33,67,11,46,37,1
129,27,59,14,1,74,104,6,20,83,0
119,2,72,93,27,35,36,6,83,31,0
44,83,101,2,75,120,20,87,126,94,0
2,8,40,80,5,128,86,123,138,47,1
76,27,10,2,74,5,30,14,25,26,1
7,126,42,86,66,35,11,69,102,1,0
14,138,128,50,120,7,11,75,56,70,1
44,43,3,91,25,66,12,100,102,63,0
74,56,21,41,11,42,98,79,62,106,0
84,39,14,99,101,54,93,13,75,20,0
59,10,18,25,19,102,41,1,32,8,0
138,51,47,19,53,14,11,57,44,60,0
2,43,71,11,23,114,64,104,16,8,0
106,64,29,114,50,11,84,97,138,63,0
75,14,71,93,61,53,119,114,56,90,1
14,84,86,123,35,114,22,80,69,58,1
75,86,72,12,85,128,26,87,136,71,1
98,42,137,114,26,13,2,9,6,119,1
129,63,34,44,5,123,36,40,93,126,0
106,35,71,14,12,8,44,2,63,112,0
62,22,14,27,53,63,60,41,49,26,1
54,6,16,25,85,29,21,86,93,27,0
28,120,135,47,53,14,10,56,26,9,0
111,23,93,104,35,38,68,1,105,34,0
76,64,12,42,85,16,81,68,120,138,1
85,25,80,17,99,91,128,71,23,83,0
14,64,6,62,86,8,10,94,128,33,1
102,71,59,4,68,72,84,41,55,43,0
83,11,70,112,71,8,14,84,59,20,0
67,35,27,72,105,34,96,5,75,1,0
31,87,11,30,2,86,19,14,15,70,1
14,88,68,129,85,44,2,17,7,22,0
8,2,22,37,76,88,11,64,85,92,1
93,44,8,33,137,14,25,11,95,22,0
81,126,123,48,9,7,59,83,36,44,1
20,74,71,98,53,84,64,44,94,17,0
52,35,95,68,23,138,100,105,19,84,0
84,8,42,86,53,71,138,14,31,36,0
71,49,100,87,53,15,1,2,75,80,0
93,6,30,64,71,42,45,4,51,5,1
98,21,104,42,28,9,82,89,135,54,0
104,11,99,91,13,1,7,2,105,50,0
96,7,70,101,5,57,42,86,72,10,0
4,119,23,14,42,12,29,36,34,30,1
6,17,87,50,36,23,21,112,10,1,1
137,100,44,22,59,47,9,1,85,32,0
32,26,8,138,22,99,14,75,126,41,0
68,28,49,101,1,52,99,26,57,30,1
50,70,72,126,8,64,95,129,35,100,1
35,119,93,88,29,39,104,105,75,67,0
62,14,36,70,6,32,93,104,11,58,1
44,74,129,25,33,71,35,86,50,6,0
64,102,138,135,86,100,136,44,22,17,0
8,128,12,105,112,41,91,69,58,2,1
44,37,51,16,123,104,71,85,23,35,0
8,74,9,40,64,67,26,49,27,5,0
14,33,46,59,113,70,128,86,11,43,0
31,14,22,6,42,30,44,26,35,29,1
8,14,31,35,22,2,49,47,30,20,1
5,44,22,37,35,6,30,21,29,14,0
9,69,93,63,5,135,119,44,96,20,0
86,11,69,30,41,67,89,2,100,28,0
119,75,94,123,60,14,108,6,26,21,1
4,50,128,30,85,84,36,44,45,83,0
64,101,75,54,51,9,53,7,104,32,1
74,57,83,41,85,45,2,70,53,58,1
121,84,34,44,2,8,30,41,74,138,1
100,11,126,135,23,31,19,36,106,93,0
59,29,99,126,30,44,129,47,16,5,0
27,14,35,56,40,7,36,21,70,86,1
21,35,102,2,101,138,128,119,120,64,1
75,45,50,41,35,14,22,67,47,95,0
104,23,105,6,91,64,26,2,70,126,1
59,80,44,50,75,94,68,88,87,28,1
128,86,16,11,44,123,113,30,8,74,0
72,84,60,11,5,71,30,36,138,98,1
14,19,70,34,44,93,69,30,107,56,1
40,39,1,123,126,44,14,74,54,51,1
75,113,11,81,14,105,17,5,6,42,0
8,11,14,62,64,22,104,101,138,26,0
58,21,7,87,14,83,26,17,44,52,1
74,86,2,30,56,64,8,129,70,72,0
40,120,109,73,5,29,128,22,100,1,1
83,1,30,70,65,53,129,8,11,27,0
138,129,54,39,84,36,14,71,1,97,0
128,129,93,84,32,21,138,14,25,49,0
26,21,102,135,119,6,114,32,123,25,0
77,42,45,10,26,35,76,6,60,14,0
75,43,19,109,72,60,1,113,84,58,1
30,7,114,21,37,54,14,17,40,75,1
42,23,87,36,106,65,50,19,49,14,1
21,31,4,1,93,74,11,29,121,12,1
72,30,63,2,56,71,22,68,6,51,0
84,8,114,10,119,138,14,15,111,128,1
9,35,83,96,53,22,126,105,70,50,1
135,8,10,11,39,42,34,93,47,14,1
6,33,4,65,80,129,71,56,18,7,1
100,63,71,62,81,30,32,104,80,87,0
7,114,112,39,4,40,82,75,50,104,1
8,57,33,135,21,73,27,4,52,62,1
67,64,63,26,47,44,11,96,72,50,1
69,71,42,1,47,85,8,101,60,56,1
21,70,135,8,58,19,26,41,34,56,0
86,101,102,26,136,75,61,87,9,48,1
40,71,1,11,14,28,60,2,10,39,0
56,85,50,108,11,100,54,39,112,68,1
137,45,102,41,120,17,5,51,6,7,1
69,14,5,20,34,10,37,11,64,71,0
67,14,72,113,129,120,86,2,44,85,1
6,30,82,14,113,7,34,33,87,4,1
70,107,17,86,129,44,9,30,77,138,0
58,137,12,59,27,120,45,70,30,64,0
26,91,102,87,99,93,30,14,59,104,0
63,11,7,107,37,14,34,9,114,22,1
14,69,136,74,128,34,35,26,2,44,0
11,30,54,44,28,26,8,69,22,105,0
56,40,123,7,17,79,6,14,119,135,1
54,10,75,113,95,41,34,56,63,73,0
64,137,54,98,83,75,120,22,138,101,0
29,98,26,34,75,27,14,8,101,6,0
26,74,25,27,128,5,35,7,56,22,1
34,39,136,64,121,33,110,14,9,114,1
71,35,87,64,93,36,84,69,56,14,0
44,64,14,120,77,31,129,106,113,138,1
39,27,14,109,87,47,86,44,106,69,0
6,14,42,21,30,26,20,29,49,35,0
20,37,35,49,22,29,21,26,44,64,0
71,95,87,30,42,97,74,18,35,67,1
59,84,32,136,55,64,6,123,102,60,0
84,35,114,96,100,56,54,31,36,93,1
109,98,42,13,31,43,44,110,91,103,0
75,89,88,104,39,41,9,80,12,21,0
102,114,56,11,5,37,71,35,6,84,0
34,53,91,137,58,84,6,68,100,93,0
30,47,22,113,48,17,25,104,14,44,1
76,49,31,86,56,35,60,21,27,88,0
2,123,22,30,44,14,57,11,21,138,1
100,35,9,17,27,104,1,71,72,101,0
22,2,114,42,26,6,110,71,72,96,1
27,56,59,35,123,109,22,2,68,10,0
138,21,6,44,99,48,128,45,97,26,0
69,21,79,7,6,93,74,42,14,22,0
27,44,4,34,86,93,9,75,2,22,0
53,77,107,101,84,68,4,120,35,71,1
93,129,5,138,85,32,104,11,86,137,1
83,101,26,8,22,5,62,137,41,136,1
74,73,93,33,34,99,11,85,26,44,0
85,74,21,41,48,84,40,26,69,35,0
95,26,36,9,53,56,70,44,20,2,0
88,15,114,5,62,64,14,86,44,75,0
86,7,106,9,8,40,56,84,71,114,0
47,39,41,128,104,64,30,23,19,44,0
71,21,8,86,97,9,27,14,76,54,0
101,22,41,29,42,93,97,14,5,37,0
39,59,67,49,36,29,20,89,23,58,0
26,99,4,47,104,89,14,11,44,35,0
83,44,67,110,7,35,104,34,87,14,1
31,14,91,126,93,41,10,44,64,74,1
10,86,101,129,64,109,68,110,51,11,1
101,27,42,19,16,119,35,111,135,6,1
6,136,14,70,86,7,79,45,35,83,0
71,85,44,35,18,30,114,104,93,86,0
47,85,67,6,58,95,36,114,42,54,1
106,34,94,95,23,56,39,47,98,71,1
64,99,76,7,11,104,26,1,84,5,0
45,95,52,120,35,104,14,137,64,103,0
14,32,7,21,8,101,1,81,64,35,1
14,75,55,56,71,2,26,9,41,106,0
101,42,59,129,34,62,74,10,123,30,0
31,120,75,41,26,69,5,1,32,111,0
22,70,71,43,7,14,86,26,39,114,1
51,36,63,35,68,87,60,31,21,37,1
114,123,4,34,26,74,41,5,75,71,0
6,105,104,128,36,86,5,53,72,17,1
22,41,10,2,121,111,6,7,33,19,0
36,54,123,114,104,62,39,25,80,28,1
20,28,138,7,86,17,8,31,69,40,1
104,7,14,42,11,22,44,31,85,21,1
10,33,35,1,74,138,101,105,34,14,1
5,41,50,129,56,69,75,36,43,42,0
85,50,7,138,104,105,84,87,42,56,0
98,27,93,11,26,84,4,62,35,59,1
64,21,42,29,26,8,5,37,2,6,0
123,5,74,44,36,1,68,85,34,47,0
99,75,81,9,8,26,37,6,2,48,0
23,106,72,123,86,32,14,97,60,56,1
9,53,104,46,23,74,67,35,93,59,1
53,100,5,36,108,95,105,70,26,47,1
41,75,108,17,64,30,67,102,35,86,0
64,93,20,63,88,35,41,30,28,9,1
14,26,9,16,106,59,64,32,123,137,1
44,17,138,70,91,71,86,34,12,68,1
11,19,47,13,75,103,40,42,108,86,1
74,30,91,70,128,50,1,106,69,9,1
94,129,14,62,128,58,53,93,5,36,0
108,35,93,112,84,31,14,72,6,94,0
95,58,84,11,53,109,64,17,86,91,0
71,16,37,11,10,93,114,87,99,51,0
111,6,74,84,43,33,83,104,106,88,1
30,137,13,88,67,75,44,39,11,49,1
59,36,83,21,45,11,30,74,7,114,1
13,123,84,114,36,70,86,65,100,31,1
114,26,17,104,44,18,85,14,53,63,1
10,72,97,86,120,74,98,111,138,63,0
47,14,49,26,37,81,29,15,20,101,1
96,54,19,50,34,84,113,101,108,18,1
27,71,72,2,32,84,93,46,14,83,0
41,14,6,78,40,8,29,20,75,86,0
114,10,120,96,101,123,48,17,50,2,0
74,93,83,11,58,7,104,14,21,50,0
39,59,32,136,129,7,1,64,8,84,0
108,74,114,16,76,62,40,64,54,94,0
49,74,89,112,25,80,17,84,91,95,1
106,82,84,12,41,8,126,114,21,86,1
107,56,76,77,72,138,29,45,49,119,0
30,12,46,100,16,59,69,123,75,109,0
48,23,14,17,42,6,87,2,32,79,1
102,91,104,76,86,29,75,128,1,72,0
69,102,34,109,21,14,54,105,91,119,1
2,40,126,41,20,74,31,7,30,93,0
101,100,14,84,1,45,102,34,43,31,1
14,71,19,120,86,138,83,128,119,22,0
32,40,38,138,58,100,19,86,95,97,0
93,32,105,104,44,16,1,28,64,36,1
63,102,10,87,53,105,49,6,106,86,0
85,3,90,25,113,128,32,67,26,82,1
93,129,106,84,88,92,21,13,120,5,1
2,45,5,30,8,1,99,87,105,18,1
71,33,58,84,119,100,35,114,14,25,0
2,31,14,47,21,6,29,64,49,37,0
50,35,36,71,41,76,83,26,8,14,1
1,22,35,114,84,101,62,135,53,56,1
84,69,67,62,88,21,14,42,31,83,0
62,88,64,70,14,74,31,137,86,6,1
35,98,7,114,51,19,3,34,11,75,1
93,34,86,28,7,45,25,67,39,135,1
64,30,54,25,56,128,1,5,14,35,1
30,21,12,81,101,119,94,88,105,113,1
35,123,7,98,88,42,25,91,110,10,0
11,8,105,2,44,21,17,32,34,30,0
9,87,97,69,70,50,67,11,104,123,0
101,2,35,64,32,100,104,30,93,65,0
105,11,6,14,5,22,67,72,2,87,0
34,60,5,93,91,30,123,42,80,78,0
101,52,9,14,44,51,8,123,6,88,0
9,90,99,10,26,14,123,35,11,58,0
100,10,50,106,4,75,6,128,14,37,0
93,14,79,105,18,57,50,102,108,32,1
56,1,14,11,63,53,54,68,34,6,1
59,72,95,9,110,85,34,120,93,137,0
9,100,101,11,27,85,70,36,31,35,1
138,22,105,94,137,8,64,79,81,11,0
37,6,137,25,138,27,106,44,7,43,0
113,22,86,35,114,67,14,11,76,34,0
32,99,30,90,48,8,75,138,25,83,0
104,9,7,137,71,101,12,84,119,74,1
12,128,1,110,51,54,47,105,31,93,1
96,72,70,11,5,91,63,106,76,51,1
10,119,126,106,29,21,1,76,14,2,0
14,111,4,27,8,56,11,45,85,100,0
67,7,37,138,128,15,70,83,88,43,0
14,60,19,11,45,97,9,98,30,70,0
20,6,36,104,86,27,42,74,9,49,1
84,8,138,14,9,113,76,51,40,29,1
44,33,30,119,22,9,1,7,69,5,1
65,105,88,26,71,44,95,27,86,34,0
69,25,99,71,8,83,9,94,76,2,0
36,67,137,123,86,2,50,66,44,57,1
91,93,27,14,48,77,30,67,123,73,1
5,80,63,101,56,11,44,98,71,59,0
138,136,76,86,96,4,6,101,104,25,0
39,26,65,22,44,9,113,30,129,42,0
37,16,80,114,25,32,68,31,28,70,1
22,87,97,9,8,11,120,13,72,64,1
106,60,26,8,128,100,35,21,11,7,0
110,34,72,64,27,31,51,84,62,128,1
83,13,35,16,19,67,64,2,123,50,1
56,11,128,62,75,36,14,31,19,6,1
21,87,2,70,71,106,85,56,137,129,0
11,40,44,99,7,69,15,1,31,42,1
28,56,47,14,58,105,23,8,103,114,0
33,95,14,135,44,35,1,15,49,8,1
19,56,14,13,22,12,59,87,5,23,1
112,32,67,62,49,123,5,69,17,8,0
34,104,1,40,9,30,80,91,42,121,0
42,26,105,6,8,62,14,11,22,7,1
9,56,90,74,71,104,44,105,62,17,0
67,107,14,86,62,26,137,128,8,63,0
128,72,3,70,100,94,68,14,6,59,1
72,75,120,30,18,26,81,135,62,17,1
5,47,30,21,8,44,2,42,31,37,0
93,35,7,104,70,138,83,74,82,26,0
30,93,99,114,75,27,74,44,88,98,0
60,36,59,89,28,99,120,35,27,67,0
4,29,39,35,87,1,22,27,105,81,0
79,51,49,34,10,27,14,87,70,113,0
113,138,43,7,28,111,18,52,29,104,1
112,86,34,6,69,136,19,46,56,64,1
74,20,53,82,16,86,2,80,63,120,1
63,9,32,36,1,15,28,31,113,89,1
113,16,102,26,104,42,5,21,27,6,0
41,84,107,129,11,9,83,22,103,32,0
86,98,41,84,56,97,74,105,14,62,0
93,15,101,31,26,105,123,8,54,10,0
106,120,68,54,31,101,108,11,20,1,1
97,106,44,104,50,8,19,35,32,26,1
98,35,90,26,95,96,74,86,93,85,1
74,34,113,77,19,71,42,121,26,45,0
64,97,70,52,112,5,98,67,26,22,0
37,87,128,93,22,138,11,56,75,14,0
100,64,56,119,41,75,4,40,78,95,1
49,25,7,84,91,67,23,11,138,53,0
1,121,74,105,104,56,100,72,7,23,1
137,41,95,64,30,56,104,77,101,126,1
43,102,62,34,26,72,17,40,54,31,1
41,68,121,38,91,3,93,77,40,104,1
1,51,71,10,43,94,30,47,62,54,1
138,75,7,93,71,101,113,61,105,114,1
16,26,67,35,128,74,87,38,1,5,0
93,39,121,97,98,71,18,35,32,105,1
62,97,93,72,74,114,13,136,30,32,1
56,32,69,64,26,2,27,74,42,72,1
45,21,69,80,20,62,129,64,88,72,1
86,67,137,22,74,2,87,8,17,123,1
102,45,14,63,68,86,1,128,23,85,1
44,39,75,26,29,93,78,36,34,14,1
17,22,44,50,28,53,49,100,14,67,1
5,119,74,34,41,75,71,28,67,22,0
6,7,88,63,14,17,27,93,76,123,0
19,121,26,52,14,47,35,85,119,5,0
83,35,88,128,11,36,40,14,99,1,0
72,1,5,18,99,84,82,67,14,64,1
19,104,23,87,56,83,106,8,135,101,0
70,14,101,104,47,8,40,15,72,99,0
8,30,123,42,38,128,19,1,39,84,0
49,76,138,87,100,59,101,106,19,88,0
2,84,91,95,6,35,27,10,1,26,1
136,78,4,6,84,54,1,71,47,33,0
99,83,126,30,44,36,45,35,114,39,1
123,138,27,49,11,105,70,56,104,106,1
22,48,58,86,90,110,54,89,7,56,1
61,18,6,114,89,36,62,9,1,11,0
114,35,31,100,39,75,8,50,76,119,0
99,40,138,75,83,32,8,35,49,31,1
120,30,22,56,98,97,137,11,86,1,1
86,22,7,30,44,123,135,138,26,11,1
27,36,6,77,37,10,34,5,2,31,0
35,123,104,128,61,75,1,135,105,14,0
14,51,30,110,71,31,10,11,100,56,1
74,129,30,21,7,44,105,93,14,71,0
48,57,20,42,23,104,16,44,18,99,0
66,8,15,80,104,82,40,17,90,126,1
102,35,63,30,77,8,95,106,27,69,1
44,27,14,31,86,7,53,2,6,9,1
6,79,44,17,47,30,56,11,99,113,0
108,22,80,13,30,96,111,14,76,54,0
8,110,14,35,62,84,43,63,11,21,1
26,105,121,67,99,2,35,114,79,16,1
89,15,33,105,34,46,5,60,94,126,1
128,35,18,111,57,9,106,2,6,64,0
62,111,80,1,105,34,56,6,85,5,0
26,41,35,43,27,104,128,32,95,21,1
9,30,54,26,11,84,104,114,1,100,1
105,14,114,4,53,74,34,66,91,10,0
30,6,22,29,37,47,35,14,8,26,0
114,119,100,135,52,36,6,23,2,105,1
70,86,19,17,15,36,63,16,30,1,0
138,50,84,51,35,30,129,11,32,47,0
10,11,6,86,53,138,91,26,44,14,1
58,4,33,71,76,57,93,135,8,17,0
88,56,36,100,20,64,49,97,44,31,0
9,114,67,35,14,137,71,44,34,26,1
74,41,14,1,26,11,27,29,30,35,0
111,11,8,98,21,67,100,105,123,2,0
85,36,46,135,63,22,8,27,96,40,1
8,49,126,105,87,102,99,86,121,44,1
36,45,7,12,21,26,32,104,35,28,0
30,93,6,14,36,75,56,79,67,59,1
2,83,29,67,114,21,5,53,32,42,0
21,30,14,75,138,85,32,27,12,2,1
4,34,58,74,105,93,114,22,95,5,1
70,91,123,35,104,75,97,17,67,26,0
26,29,42,2,31,8,35,22,64,14,0
86,100,6,106,128,9,59,99,48,7,0
12,14,106,58,30,87,42,104,128,123,1
86,120,10,31,34,96,87,17,138,54,1
68,107,106,32,75,86,5,93,119,22,1
99,42,25,113,40,7,14,138,41,11,1
16,67,31,119,14,59,6,29,88,9,1
93,5,7,35,42,56,129,9,76,63,0
62,49,108,8,106,60,21,27,35,84,0
30,11,21,48,71,129,63,8,85,76,0
86,14,82,64,137,100,74,8,41,4,1
56,101,31,14,59,44,54,6,105,121,0
54,84,26,43,14,49,119,42,11,31,1
80,121,136,99,14,47,54,27,56,45,1
13,104,18,75,119,35,14,62,87,5,0
138,104,30,23,123,95,63,54,1,84,0
56,11,64,30,102,111,135,74,101,31,1
121,17,93,137,86,74,71,11,33,126,0
97,67,106,80,83,129,76,26,128,114,1
26,35,36,62,67,5,138,23,46,7,1
81,35,20,46,14,95,44,64,2,85,0
31,13,20,98,8,5,19,56,14,75,1
42,106,119,31,35,34,32,128,26,99,1
50,71,1,22,16,14,8,75,27,69,0
93,68,113,84,30,76,86,74,36,28,1
32,35,59,112,7,2,105,23,27,104,0
101,20,128,77,1,59,14,19,91,11,0
86,111,35,77,5,2,75,47,31,67,0
40,26,44,108,98,14,42,104,22,34,1
121,56,37,17,69,34,47,136,120,30,1
75,112,129,18,31,59,113,84,44,11,1
9,52,70,138,85,74,26,64,104,102,0
44,27,9,113,7,64,67,28,21,75,0
54,2,72,11,31,27,51,67,7,137,0
35,47,21,121,136,8,30,2,7,6,0
35,7,30,89,51,60,37,11,64,12,1
36,1,62,26,8,59,5,25,48,63,1
19,1,36,50,32,42,86,72,49,64,0
47,23,18,45,36,86,8,30,29,61,0
11,28,34,100,52,59,46,40,103,14,1
30,5,35,23,60,73,119,135,137,47,0
27,1,114,35,74,14,70,5,119,56,1
86,1,71,34,14,128,121,114,16,70,0
35,57,8,27,39,64,13,51,5,30,0
86,105,30,95,74,65,51,50,67,94,0
70,64,50,17,97,52,30,14,76,75,1
96,75,34,119,95,121,1,104,101,32,1
26,112,52,138,56,18,113,108,81,123,0
41,31,58,21,74,53,14,44,9,22,1
53,27,56,19,54,44,101,99,64,104,1
75,48,109,29,26,19,44,47,64,102,0
26,1,113,23,7,2,22,53,54,9,1
33,84,47,86,52,114,62,101,104,28,1
126,93,86,20,16,9,36,53,44,112,1
21,104,26,59,101,82,31,47,8,138,1
61,104,42,102,74,119,82,31,120,6,0
138,75,104,106,41,19,136,120,6,26,1
13,44,9,81,86,35,14,4,54,17,1
23,114,81,6,19,35,30,95,84,62,0
123,44,106,49,100,17,75,40,112,46,0
42,37,2,30,35,8,20,49,26,21,0
52,49,11,138,72,86,67,14,64,105,0
95,105,92,14,27,46,119,19,67,1,0
83,56,112,64,44,106,71,8,5,86,1
11,14,123,53,47,69,128,45,44,114,1
44,84,19,8,75,62,6,99,114,123,1
135,111,114,48,126,31,30,11,44,123,0
10,11,95,58,1,34,62,4,111,126,1
14,21,79,87,8,45,2,129,56,15,0
11,70,7,31,68,50,77,44,2,30,0
25,64,62,2,44,73,7,14,1,75,0
2,41,88,75,62,11,104,68,61,30,1
114,99,11,30,32,9,29,42,93,27,1
84,35,10,33,46,30,14,56,25,26,0
75,84,19,54,35,64,96,1,34,101,0
19,75,35,55,44,43,74,88,105,69,0
14,72,41,74,128,109,64,104,9,97,1
2,73,32,26,75,1,19,40,94,129,0
104,34,68,48,26,85,56,123,74,36,0
8,74,30,61,104,2,42,14,86,54,0
21,8,47,30,5,138,37,26,44,6,0
2,44,64,37,22,20,47,49,31,29,1
0,0,0,0,0,0,0,0,0,0,0
102,31,99,93,86,49,30,9,73,65,1
123,14,93,64,28,27,51,138,100,5,0
51,112,99,104,88,64,135,137,35,123,1
67,135,99,21,59,52,101,49,83,44,1
120,35,58,27,54,138,14,112,21,102,1
48,83,46,95,11,79,61,72,8,35,0
138,85,2,1,128,5,44,29,68,19,0
42,135,64,100,49,87,36,56,86,104,0
50,21,120,88,93,58,66,17,72,94,1
75,70,14,137,17,39,138,36,29,41,1
72,106,7,87,41,11,69,64,138,58,0
25,109,135,4,16,59,56,8,76,23,0
54,74,28,113,88,8,138,62,30,85,0
104,99,128,63,56,62,33,11,70,27,1
98,86,69,50,44,11,85,1,62,101,0
5,11,104,105,41,129,54,13,123,62,0
5,44,14,11,114,119,100,10,30,2,1
61,98,83,95,60,28,109,15,138,123,0
88,21,75,7,107,2,6,135,22,53,0
3,1,114,8,51,45,44,9,109,104,1
104,70,126,106,25,129,46,13,5,23,0
44,7,10,6,70,45,108,87,56,101,1
138,56,2,9,106,44,73,33,111,59,1
39,21,67,101,27,37,94,14,44,22,0
41,33,75,108,101,19,34,104,42,56,0
20,74,16,36,76,8,53,105,28,47,0
106,28,123,84,14,129,30,25,16,86,1
128,44,31,65,97,13,60,41,9,7,1
36,57,7,6,42,38,123,75,31,8,0
59,8,85,37,6,25,7,68,4,47,1
8,75,104,25,101,105,67,88,65,120,1
43,56,113,74,46,47,14,105,30,70,0
13,86,33,45,7,9,128,17,104,5,0
88,97,75,49,70,20,67,64,105,14,1
14,4,35,31,2,33,85,86,26,42,1
23,49,105,26,67,138,63,47,35,9,1
6,97,5,26,25,63,40,50,138,48,1
1,72,69,32,74,15,106,27,75,138,0
74,26,10,21,30,104,86,8,27,138,1
29,120,71,6,78,25,72,3,74,137,0
102,29,28,62,81,57,74,83,30,41,1
123,120,48,63,93,102,62,7,78,77,0
67,9,50,34,38,49,75,10,8,26,1
9,50,97,35,31,82,10,129,88,5,1
71,60,26,137,138,34,2,35,5,14,1
6,100,52,99,65,111,23,41,61,105,1
2,35,22,30,72,60,104,43,75,8,1
1,17,30,108,123,53,7,77,91,95,1
36,8,53,27,1,41,34,101,75,69,0
35,84,85,23,32,75,44,128,16,34,1
123,88,11,138,86,35,99,83,25,103,1
52,14,11,84,58,28,65,25,6,80,0
9,16,94,49,111,44,27,15,74,100,1
53,20,136,35,17,43,102,120,32,25,1
11,14,65,106,84,22,96,27,95,45,0
109,7,103,14,138,49,56,76,101,4,0
67,2,43,61,104,50,123,105,120,28,1
73,15,66,93,106,128,86,85,12,35,1
47,93,64,5,99,30,102,22,14,94,1
138,6,99,112,93,80,129,48,21,68,0
47,85,50,34,10,86,138,74,128,36,1
84,82,17,113,67,11,74,35,32,71,1
101,96,35,87,6,8,138,31,16,86,0
75,85,70,97,30,88,105,33,107,6,1
21,56,113,137,26,75,63,62,1,58,0
104,85,99,34,83,97,93,33,94,87,1
22,93,40,56,86,70,41,91,39,88,0
44,64,85,19,36,123,120,10,7,55,0
84,36,42,109,74,16,44,126,14,32,0
64,62,121,60,35,71,39,109,47,136,0
104,99,30,14,7,34,50,1,113,83,1
74,97,6,11,22,68,84,77,53,48,0
35,36,8,30,31,67,99,27,95,39,1
22,72,35,64,21,121,67,135,63,87,0
34,123,10,17,35,6,137,5,100,112,0
113,62,68,54,61,5,81,89,44,123,0
42,5,105,104,17,25,121,22,26,6,1
88,64,54,136,35,26,11,87,73,47,1
93,68,35,30,42,128,59,40,123,2,1
123,138,17,86,6,14,76,8,9,32,0
18,99,36,21,138,68,93,14,104,123,0
101,27,104,31,12,71,109,14,33,75,0
78,67,138,120,106,119,35,32,99,56,1
126,26,23,110,63,129,60,14,3,1,0
69,93,74,5,43,85,67,104,52,26,1
15,7,90,35,126,98,25,1,8,40,1
6,2,17,112,128,101,106,12,104,49,0
45,20,70,110,75,43,28,22,68,114,1
27,20,28,34,70,84,40,101,2,59,1
6,10,83,86,2,13,105,93,9,96,1
1,33,35,105,59,137,5,47,22,56,1
22,27,93,74,100,36,114,55,97,64,0
70,40,77,79,27,92,11,123,14,43,1
53,93,40,44,75,89,11,7,71,5,0
18,113,93,15,27,86,2,95,135,56,1
107,26,59,38,104,93,14,50,8,80,0
44,37,42,49,31,2,21,6,14,5,1
129,85,93,86,11,47,44,50,75,49,1
87,90,67,26,28,104,22,54,11,50,0
123,62,86,74,8,46,95,35,119,91,1
74,44,41,69,57,68,75,1,23,9,0
41,112,136,53,126,64,137,44,76,27,0
44,2,29,50,61,110,114,42,51,19,0
107,68,42,72,39,76,1,104,123,32,0
138,45,74,44,128,36,43,67,14,71,0
11,26,93,67,83,53,60,35,14,62,1
105,30,120,44,11,121,36,10,123,6,0
57,69,22,7,56,74,41,85,86,60,1
5,76,7,39,84,74,21,11,14,99,0
113,100,83,114,42,10,14,34,35,101,1
99,33,119,16,8,37,21,7,44,104,1
7,74,40,138,13,72,80,73,6,14,0
42,64,31,22,2,14,44,6,49,26,0
97,99,1,30,59,121,100,135,14,67,1
28,114,11,22,47,7,16,93,35,86,1
37,69,21,47,31,50,73,62,68,59,1
76,28,51,67,68,138,23,97,100,110,0
7,22,67,76,135,32,13,10,96,5,1
138,22,8,26,76,53,97,45,75,81,1
19,41,84,138,101,22,34,45,104,54,1
44,55,11,123,2,31,10,25,45,14,1
21,27,57,12,62,11,87,99,8,26,1
101,106,59,44,64,86,34,8,45,80,0
77,136,86,8,50,35,1,84,26,113,0
14,11,41,26,74,102,59,35,86,64,0
86,54,129,74,90,7,14,8,34,40,0
74,23,41,70,42,14,30,101,34,10,1
67,81,64,26,78,59,6,44,119,107,1
17,32,29,44,27,6,101,11,60,128,0
84,93,74,14,54,50,95,9,104,36,1
53,32,58,95,26,86,8,11,111,14,0
7,104,70,102,53,135,19,101,87,1,0
23,33,71,63,123,72,39,41,21,7,0
59,62,10,27,8,47,81,105,33,136,1
72,42,26,106,114,103,7,35,86,44,1
30,85,44,14,15,86,8,105,101,35,1
42,47,106,21,33,27,5,129,93,63,1
14,47,6,71,30,84,49,106,7,8,1
69,56,86,35,30,41,72,76,123,119,0
28,120,72,73,45,64,10,14,47,75,0
109,39,105,22,102,42,84,69,34,86,0
93,31,23,17,106,41,8,85,101,20,0
14,106,26,64,67,120,9,105,17,44,1
14,135,10,40,68,93,69,37,26,138,0
57,15,73,75,48,5,71,32,53,94,1
44,11,71,5,99,83,32,41,6,93,0
83,7,14,6,26,41,50,34,43,102,0
35,44,6,82,109,12,30,14,11,56,1
123,1,62,36,9,79,6,26,120,88,1
106,128,36,99,5,72,64,49,35,14,0
71,49,100,114,87,6,5,55,137,98,0
6,22,87,129,63,50,114,83,11,60,1
33,8,34,48,36,14,10,26,86,6,1
43,110,138,105,15,44,36,50,7,92,0
43,21,123,137,8,7,49,83,54,106,0
13,98,16,22,48,39,67,5,14,69,0
42,45,138,14,104,22,44,129,112,75,1
53,100,108,14,17,8,34,120,85,42,0
110,14,81,113,1,26,38,33,94,106,1
10,121,6,75,46,87,95,55,20,44,1
72,126,1,25,99,138,105,53,44,59,1
86,74,4,87,85,75,91,94,138,21,0
14,31,58,90,56,106,11,100,119,47,1
15,35,22,39,81,50,123,119,57,55,1
119,13,136,26,54,138,123,28,69,5,1
21,85,11,84,56,2,76,87,12,75,1
14,67,95,98,11,19,71,101,35,68,1
59,5,42,136,87,76,138,26,27,41,1
11,22,30,5,112,95,93,47,59,56,0
85,64,75,88,93,60,5,100,54,77,0
35,5,1,128,28,7,93,20,26,65,1
23,9,8,51,39,54,74,75,77,86,1
26,56,5,93,76,113,6,14,51,22,0
5,44,14,22,94,119,104,95,51,42,0
43,12,34,105,119,86,11,13,27,2,0
93,42,9,26,108,25,74,11,73,33,1
47,20,69,16,59,1,79,56,86,51,0
6,100,14,32,13,35,56,101,73,67,0
8,26,6,21,2,5,35,31,49,42,1
119,126,96,138,31,28,53,93,37,17,1
42,76,107,59,86,129,17,22,31,8,0
60,74,106,64,9,101,35,85,67,123,0
135,104,84,35,103,71,54,87,36,39,1
31,6,60,34,123,101,93,5,47,113,1
106,70,101,123,102,36,17,51,135,8,0
5,41,53,35,119,20,56,128,30,67,0
14,75,52,64,56,60,12,84,59,33,1
21,63,104,34,50,30,32,14,98,58,1
28,30,53,26,113,51,63,21,14,73,0
7,86,43,106,1,68,123,87,70,14,0
5,98,44,87,7,35,1,68,97,11,1
114,53,36,138,120,2,5,4,22,21,0
8,135,81,9,21,100,64,41,80,19,0
16,138,68,44,74,57,50,22,8,14,1
27,136,14,112,105,51,123,17,56,19,0
5,35,74,49,54,40,96,14,87,67,0
77,9,6,34,105,101,23,56,4,19,0
129,66,34,56,128,2,75,30,11,1,1
114,84,14,6,30,105,138,104,35,11,0
64,106,8,27,137,138,40,86,44,128,1
43,6,129,58,27,90,111,44,74,16,1
23,65,87,68,44,121,8,86,107,106,0
16,64,28,8,76,84,70,72,14,53,1
26,111,137,1,36,14,13,95,88,40,0
126,37,93,49,84,30,39,6,60,88,0
128,42,19,15,74,114,59,5,29,32,0
37,44,14,42,35,31,5,2,29,47,0
14,22,8,2,26,6,44,20,35,30,0
35,30,31,44,29,5,2,6,37,47,0
104,95,50,71,76,63,85,137,101,7,1
44,2,5,138,36,68,74,86,41,53,1
59,54,88,76,123,9,6,68,44,103,1
14,67,35,84,49,37,9,105,68,41,0
129,4,105,81,87,73,83,1,16,40,0
88,6,9,97,64,7,72,56,123,80,1
35,23,58,21,44,71,25,22,54,64,0
22,97,135,27,28,7,126,85,17,1,1
47,35,136,60,75,16,45,11,138,105,1
62,16,97,11,93,2,8,14,4,27,0
105,70,138,28,96,37,56,98,86,120,0
22,42,53,54,64,106,81,34,72,1,1
17,21,14,79,44,93,101,86,108,70,0
1,87,14,19,2,84,35,92,114,37,0
104,53,121,85,1,27,12,30,58,74,0
37,8,76,97,100,70,30,111,28,64,1
28,77,52,22,94,64,9,27,138,1,0
14,30,1,31,76,48,86,34,64,42,1
120,11,34,64,26,96,136,1,105,5,1
79,48,37,89,1,54,99,76,49,93,1
123,80,100,42,2,50,7,1,138,104,0
48,99,32,95,79,28,86,40,41,105,1
11,121,105,106,17,93,64,74,26,2,0
35,95,104,52,26,51,27,59,41,75,1
22,11,82,44,88,5,2,28,84,30,0
14,64,95,76,136,71,54,30,47,83,1
9,86,2,76,41,84,62,96,4,34,1
84,50,74,41,21,119,138,56,9,49,1
84,18,11,33,12,21,14,126,114,101,1
93,138,53,81,30,9,49,104,22,25,1
123,104,11,74,86,99,32,14,10,2,0
25,71,21,35,85,14,22,105,121,47,0
27,96,104,2,13,26,39,82,70,80,0
59,135,50,30,54,49,84,97,44,74,1
8,14,11,121,26,63,76,74,100,25,1
106,14,136,85,44,39,32,1,2,86,0
68,59,36,1,39,75,93,30,21,2,0
50,32,96,53,76,100,5,71,30,6,1
51,56,138,37,28,104,8,119,86,68,1
104,74,88,76,75,113,22,97,41,138,1
129,50,7,84,21,23,26,14,114,30,1
27,76,30,67,93,22,106,135,97,44,1
75,30,12,76,25,53,11,45,99,44,1
30,39,60,120,10,43,42,7,121,102,0
20,1,74,41,31,101,91,23,44,119,0
7,100,75,44,1,2,84,104,37,22,0
44,99,73,70,119,63,7,35,48,33,0
86,80,27,18,15,81,35,14,84,128,1
39,21,53,36,99,71,52,84,76,89,1
54,87,37,137,119,22,9,30,136,63,0
60,14,37,31,35,57,62,79,74,91,0
84,44,25,9,136,90,80,47,18,95,0
14,26,35,123,104,17,56,137,91,6,0
64,6,30,49,21,29,42,44,37,31,1
31,20,35,2,6,8,30,64,42,29,1
8,14,37,35,22,138,5,26,49,44,0
5,30,97,44,13,81,22,83,16,47,1
18,27,30,16,39,68,83,86,73,67,1
4,62,71,11,70,12,26,121,105,59,0
86,14,19,35,21,99,64,74,53,102,1
26,113,50,19,59,42,91,86,52,65,0
10,74,30,104,110,123,14,138,1,27,1
20,103,1,72,75,104,37,137,93,56,1
11,1,26,8,111,25,27,35,74,69,0
87,67,19,20,30,35,44,25,61,88,1
35,119,128,91,74,26,75,56,82,105,0
101,113,123,70,27,14,37,95,20,120,0
93,128,44,8,64,22,96,74,51,6,1
44,120,72,31,29,114,123,26,47,49,1
7,138,16,11,88,9,14,2,35,17,0
70,7,128,120,64,39,31,86,6,16,0
114,70,78,16,91,42,85,90,62,56,0
80,101,105,94,74,67,75,27,14,2,1
33,41,50,11,7,93,26,120,102,2,1
99,22,74,7,6,27,19,30,8,47,1
107,10,5,69,43,1,40,137,6,83,0
40,121,107,96,75,51,5,14,76,74,0
136,74,18,35,27,72,6,26,75,36,1
34,6,101,97,2,64,103,91,39,67,0
2,20,11,86,93,123,44,43,7,14,1
34,31,93,99,27,100,70,114,40,123,1
16,101,123,56,71,9,26,54,64,75,0
88,50,42,96,94,26,135,18,75,6,1
1,75,86,21,106,23,93,87,14,59,1
81,64,113,22,41,49,93,9,76,27,0
27,104,138,136,5,93,2,44,30,55,0
11,62,93,14,68,52,42,27,6,5,1
128,69,35,14,75,86,72,44,76,42,1
34,62,26,8,100,72,42,104,52,9,0
59,44,30,101,104,54,123,52,97,95,0
23,123,42,74,94,105,44,49,96,30,0
29,2,48,22,16,67,138,26,14,8,0
26,47,72,30,68,71,2,27,87,31,1
55,34,74,57,70,39,36,68,43,104,1
90,41,34,83,56,35,5,32,69,10,1
42,119,71,138,86,93,126,128,27,30,1
8,35,26,98,9,44,97,100,119,71,1
32,101,74,56,49,33,83,92,120,11,1
106,15,84,33,6,22,44,85,50,94,0
22,11,86,55,30,6,104,35,19,91,0
27,112,83,80,96,8,113,30,91,49,1
26,1,49,75,7,34,6,86,5,120,0
71,64,35,50,9,73,104,89,86,126,1
138,28,35,71,18,22,119,30,6,85,1
74,11,10,16,41,53,21,44,105,4,1
75,102,93,65,21,12,25,88,137,14,0
50,2,21,44,17,42,97,34,104,64,0
59,19,102,43,85,106,13,87,36,35,0
29,28,8,38,9,44,22,129,48,6,1
101,114,138,39,97,65,126,54,31,86,1
74,114,15,35,84,21,14,75,26,71,1
10,37,87,61,21,75,73,109,26,31,0
100,68,62,74,6,126,73,138,102,76,0
31,114,101,106,2,30,138,29,75,5,1
76,137,128,93,14,40,99,74,67,50,0
78,4,113,111,82,8,70,41,17,33,1
15,1,100,111,22,26,11,28,64,136,0
57,37,101,44,64,41,14,30,9,82,1
11,22,70,30,35,32,76,71,6,84,1
50,86,23,19,101,35,58,60,84,6,0
129,93,7,34,31,10,22,60,27,105,0
67,86,1,100,36,59,29,105,138,88,1
74,33,1,27,87,105,138,29,119,120,1
30,10,75,102,40,9,48,74,41,34,1
11,137,138,72,87,135,126,93,129,107,0
33,87,51,55,14,27,1,86,94,128,0
48,58,67,4,20,104,108,84,18,40,1
138,136,128,23,84,41,36,83,76,26,0
16,14,96,123,2,8,27,44,21,43,1
46,63,90,49,19,95,29,96,55,109,0
2,13,8,14,11,54,5,100,35,64,1
102,74,101,96,123,5,114,81,21,34,0
6,13,21,42,56,100,29,138,30,44,1
13,14,41,2,68,87,74,114,58,11,0
44,7,9,14,106,50,84,89,135,40,0
112,30,74,129,29,105,57,12,114,25,0
5,89,10,104,107,86,53,11,85,60,1
1,82,33,51,87,75,14,9,6,17,1
62,138,84,35,2,5,69,70,91,17,0
31,96,63,75,36,42,29,30,94,71,0
42,5,106,97,30,121,138,68,44,128,0
86,105,74,23,18,12,29,22,84,75,0
14,41,97,55,26,62,17,114,84,35,0
11,104,25,123,26,47,49,101,36,68,1
49,119,6,11,14,126,91,128,30,70,1
89,41,44,40,129,119,105,30,67,26,0
97,100,110,79,70,2,34,14,81,21,1
19,111,22,83,53,28,84,5,1,7,0
93,15,138,30,72,14,84,100,42,106,0
11,50,14,8,96,85,30,93,86,56,0
11,96,109,8,126,35,53,20,87,12,0
104,137,84,91,138,8,30,56,9,63,0
71,14,22,40,67,41,19,102,7,75,0
67,138,101,33,7,100,56,44,96,71,1
92,31,88,101,99,129,30,15,64,21,0
32,56,47,30,46,59,90,22,35,44,0
26,83,105,30,95,75,22,14,128,21,0
8,84,108,137,7,129,22,68,28,27,1
13,93,64,81,9,41,30,128,11,110,1
26,29,74,93,9,71,62,87,1,128,0
29,62,41,91,25,10,36,105,85,79,1
59,99,126,33,119,62,32,41,35,50,0
12,104,88,7,6,23,94,86,120,57,1
56,50,98,120,93,66,81,8,68,70,1
14,3,74,10,26,35,88,16,99,21,1
44,11,123,49,35,4,18,98,86,74,0
137,106,59,6,21,83,104,35,44,103,0
113,6,99,22,69,1,8,87,126,21,0
9,77,20,22,114,100,72,46,110,95,0
35,58,56,111,85,105,14,11,17,101,1
45,32,7,59,14,8,66,128,123,85,1
35,108,62,6,36,75,74,80,103,100,1
6,103,13,72,11,32,51,123,75,63,1
34,51,56,9,69,54,75,17,64,98,1
104,22,16,90,95,12,9,37,1,76,1
83,6,80,75,77,105,100,104,44,90,1
32,62,6,76,102,113,69,64,137,5,0
72,26,98,114,19,108,138,86,14,65,1
123,11,8,40,60,75,84,104,67,69,0
39,40,22,57,67,62,76,84,44,69,0
75,22,71,25,67,20,59,97,49,90,0
9,11,104,44,45,98,70,121,27,17,1
96,83,40,93,71,73,84,59,1,65,1
21,41,32,28,37,110,75,87,44,1,0
35,138,9,56,10,97,67,91,104,86,0
5,18,104,14,75,54,36,25,28,70,1
11,80,4,30,58,6,1,88,52,33,0
7,41,76,49,30,40,64,56,108,28,0
5,11,14,56,26,74,123,95,2,27,0
47,100,84,25,1,6,88,87,123,135,0
34,95,136,44,15,35,62,16,81,26,1
138,88,65,119,20,32,69,121,135,111,1
21,79,11,8,7,9,36,46,86,67,0
2,42,98,119,34,32,7,5,94,53,0
14,49,26,35,6,8,29,21,20,5,0
49,35,44,64,8,20,37,2,22,47,1
30,26,67,69,59,71,6,5,35,17,0
109,17,11,40,138,44,47,104,14,105,0
16,138,128,30,26,58,114,68,14,59,0
8,73,42,21,86,101,11,56,123,2,0
33,1,101,42,74,71,18,30,113,57,1
126,67,21,31,10,71,54,30,74,48,0
17,98,51,35,31,138,6,84,108,75,0
105,126,2,93,14,84,87,108,59,35,0
104,35,86,8,5,128,106,7,56,36,1
3,104,101,56,76,31,44,102,67,105,0
68,87,6,9,35,13,110,8,5,84,0
14,67,5,56,86,44,22,19,45,74,1
8,28,44,26,50,83,108,74,56,10,1
50,111,2,70,84,101,26,36,17,32,0
128,100,75,34,138,71,45,86,81,135,1
40,44,138,101,59,14,74,23,11,1,1
70,64,114,34,27,30,25,5,104,56,1
21,89,35,41,44,56,87,101,34,95,1
93,11,14,85,2,38,35,104,28,95,1
71,86,114,40,94,35,97,37,88,1,1
36,113,119,26,41,17,14,35,6,16,0
64,65,44,47,32,123,70,59,101,21,1
1,23,93,14,105,138,68,112,6,64,0
93,14,17,22,70,9,42,59,114,35,0
84,72,114,30,11,62,36,31,93,2,0
137,74,96,41,85,101,6,5,69,138,0
44,85,2,87,7,21,12,42,14,58,1
97,41,105,71,27,50,26,2,1,11,0
15,8,7,101,50,98,70,86,9,74,0
35,31,113,60,37,2,87,11,17,36,1
76,22,77,56,14,5,57,71,81,19,1
6,34,137,44,12,106,36,21,96,59,0
35,123,7,114,84,39,6,135,14,105,0
52,11,25,6,111,59,33,4,76,36,0
86,83,69,76,72,17,64,6,75,16,0
59,63,12,101,83,121,8,93,54,100,0
53,97,1,16,93,11,12,105,73,75,0
44,50,86,19,123,75,42,92,16,35,1
92,104,63,75,72,11,26,44,32,14,0
70,75,114,121,100,93,64,4,19,97,0
81,59,93,85,64,87,1,17,33,29,1
93,96,26,123,75,19,39,72,8,99,0
72,136,75,42,123,23,8,2,20,26,1
114,86,23,85,138,14,137,110,102,56,0
45,21,7,27,32,1,67,30,107,29,0
76,2,94,34,22,21,44,95,93,19,0
31,86,90,6,42,40,7,83,46,34,0
22,76,6,37,2,32,58,70,15,75,1
22,9,94,35,32,121,25,42,2,120,0
86,41,28,21,102,68,40,104,9,17,0
35,42,56,36,39,91,0,32,73,138,0
113,101,64,61,1,6,5,25,7,14,1
119,75,1,98,26,104,5,10,56,110,1
93,11,60,51,128,67,37,75,76,96,0
64,13,26,81,1,28,123,22,8,27,1
11,44,135,90,86,104,21,54,26,45,0
7,137,21,47,72,93,74,48,100,97,1
75,76,104,128,41,11,89,30,70,9,1
93,123,35,50,9,11,55,86,42,49,1
8,42,6,26,37,21,14,29,20,49,1
0,0,0,0,0,0,0,0,0,0,0
6,59,20,11,10,106,54,31,14,33,1
93,105,6,97,21,50,87,8,40,71,0
9,113,65,30,64,106,34,35,74,19,1
14,12,95,62,7,29,101,1,99,9,0
85,105,8,108,62,64,106,40,35,21,0
16,62,135,113,68,44,9,26,95,31,1
67,7,123,106,53,114,76,2,84,64,1
71,110,138,35,105,106,128,119,20,114,0
96,14,25,93,21,63,84,64,28,1,1
8,75,26,15,76,37,44,40,86,104,1
101,53,89,27,21,17,70,85,14,26,1
84,14,8,111,30,26,9,2,38,104,1
22,40,9,97,1,26,14,8,123,34,0
14,42,5,57,11,67,22,7,2,88,1
36,58,70,42,109,8,34,119,17,61,1
11,97,3,93,32,86,75,35,41,64,0
61,84,37,21,94,2,8,71,105,74,1
44,114,55,50,22,75,98,63,83,102,0
137,9,36,42,32,106,71,69,30,138,1
26,44,100,56,36,45,14,12,92,90,0
74,5,33,47,109,6,136,14,62,56,1
26,58,2,67,93,84,8,135,36,45,0
54,86,138,104,129,14,11,120,10,75,1
35,123,34,108,86,128,104,138,41,64,1
42,54,64,14,53,8,30,68,84,113,0
70,64,9,69,21,76,54,135,5,33,0
23,54,58,87,27,40,35,93,128,96,1
39,53,14,93,62,8,22,135,96,6,1
109,5,69,43,101,56,34,100,86,77,1
54,11,2,14,6,20,33,42,75,135,1
56,26,30,7,1,86,72,95,106,6,1
30,58,104,6,87,72,97,45,1,26,0
67,15,74,123,9,106,6,86,2,101,1
60,25,44,62,31,93,99,22,14,128,1
101,69,75,47,35,73,15,31,2,8,0
97,30,67,47,31,14,119,33,84,113,1
35,123,70,33,8,104,93,63,28,53,0
32,16,83,1,44,9,93,26,104,56,0
19,36,11,50,23,39,2,64,46,18,0
9,67,45,47,81,35,21,83,7,12,1
14,84,59,32,6,25,50,8,53,2,1
15,49,33,67,19,74,35,14,86,41,0
22,68,7,19,11,26,58,51,101,44,1
104,23,20,30,81,41,5,128,76,71,1
13,26,110,36,6,42,123,67,75,112,0
26,120,5,8,14,65,87,10,23,45,0
59,100,2,86,5,83,32,104,1,74,0
15,26,14,135,39,41,64,2,104,87,0
14,128,36,4,106,22,31,87,114,93,0
33,23,7,72,35,22,6,86,44,73,0
37,81,105,27,95,21,14,40,99,138,1
85,40,101,1,14,31,21,71,44,35,1
30,137,83,70,69,8,14,1,84,4,1
19,91,71,84,11,36,74,62,46,6,0
8,47,6,5,14,2,22,35,30,64,0
9,41,99,94,50,93,31,14,11,49,0
2,138,86,105,49,50,98,23,72,7,0
81,80,111,113,21,22,42,40,2,26,0
18,85,95,74,111,43,77,5,44,21,1
46,99,11,111,15,31,35,72,108,123,1
12,22,105,11,84,6,137,27,64,26,0
21,49,35,60,22,54,62,53,34,26,0
8,35,55,72,123,29,26,6,9,14,0
72,18,21,101,128,6,30,85,38,35,1
14,49,22,20,47,35,42,5,29,37,0
136,84,138,9,93,17,67,53,40,30,0
74,17,99,6,111,49,50,58,21,114,1
98,75,42,84,26,64,35,14,104,1,0
27,81,71,104,11,91,2,70,87,75,0
28,50,71,114,76,59,88,73,101,65,0
9,107,86,75,42,26,32,97,30,95,1
38,90,11,119,1,76,78,9,8,64,1
76,21,2,64,1,128,77,31,93,14,1
25,12,101,14,2,87,76,44,54,72,1
77,56,54,96,34,11,90,114,46,97,1
100,1,5,104,9,137,35,109,86,79,0
1,40,11,14,101,42,58,26,71,78,1
109,101,119,34,104,2,5,97,56,36,0
129,87,65,138,136,26,123,108,11,14,0
87,46,85,49,64,84,44,35,57,102,1
83,41,19,76,50,104,84,6,74,25,1
100,138,10,104,119,35,108,105,41,106,1
62,92,22,85,6,53,59,47,71,35,0
75,7,129,101,8,2,22,14,105,63,1
64,67,17,104,16,136,19,4,86,36,1
50,56,106,37,14,109,11,78,71,86,1
87,97,102,58,52,33,84,6,86,55,0
44,37,30,2,22,20,35,8,42,31,1
55,34,26,94,31,62,47,67,108,22,0
28,22,93,62,64,44,31,17,7,30,0
28,59,54,91,26,56,121,53,97,46,0
67,27,135,20,39,112,4,44,21,71,0
1,137,25,121,3,50,59,89,90,99,0
22,19,83,27,6,76,50,102,88,114,0
64,2,58,6,104,14,26,34,101,1,0
45,42,86,113,84,63,50,97,123,126,1
47,60,84,123,67,108,86,74,62,1,1
11,56,93,128,6,64,30,42,100,78,1
56,6,123,68,50,74,100,41,72,17,1
30,23,69,105,109,84,72,65,104,48,0
29,46,26,119,106,33,84,31,110,1,1
63,30,87,49,120,72,129,11,68,36,0
15,111,44,14,11,74,8,73,138,39,0
138,31,98,62,101,14,105,87,13,67,1
126,54,37,129,32,11,84,104,26,56,0
47,114,51,75,86,84,6,102,26,49,1
27,2,58,21,1,29,84,85,6,14,1
34,32,100,101,44,3,62,22,53,19,1
54,126,71,84,13,70,20,44,27,11,0
86,41,11,35,36,92,2,32,5,48,0
91,59,14,128,6,2,103,35,82,7,1
35,18,17,5,76,86,64,1,120,21,1
111,21,22,50,68,1,86,100,102,72,0
50,8,39,74,2,31,6,109,61,80,1
27,4,35,63,5,26,106,1,14,60,1
53,9,71,11,84,70,31,52,120,30,0
90,51,58,54,7,138,5,35,69,30,1
138,20,69,1,50,26,75,18,55,99,0
104,41,1,75,105,73,100,34,60,56,0
40,75,9,12,138,59,18,33,99,30,0
87,96,6,123,67,114,93,79,88,138,1
68,1,14,76,126,37,75,106,27,81,0
56,2,84,93,26,69,31,1,104,27,1
22,7,36,68,18,38,9,86,6,34,0
14,75,27,59,93,100,62,74,86,11,0
99,42,121,74,37,138,44,83,48,68,1
69,84,8,75,56,71,21,101,1,98,0
14,121,74,123,2,26,44,137,64,34,0
6,84,1,79,136,7,31,70,53,100,0
64,6,21,44,20,8,5,26,29,42,0
8,37,47,30,29,31,20,2,49,35,0
135,106,67,14,37,137,86,69,54,55,0
58,15,70,56,45,51,101,114,95,87,1
100,21,119,74,41,137,128,9,138,7,1
93,75,72,23,35,5,11,1,77,30,0
35,97,7,19,104,14,39,6,47,101,1
89,72,120,108,26,43,49,32,104,47,1
99,1,50,74,86,70,35,76,60,138,1
1,14,98,105,35,11,91,75,9,123,1
93,86,123,11,7,13,95,2,72,14,0
30,2,83,67,56,11,64,107,99,44,1
30,77,75,92,63,15,22,90,93,26,0
108,74,9,5,8,137,49,75,58,84,0
42,9,114,121,74,138,34,62,83,64,0
128,114,123,16,35,90,99,9,85,14,1
47,14,6,88,29,28,35,104,26,62,1
57,72,114,78,137,97,55,71,6,7,1
8,35,26,14,9,67,92,29,84,56,1
50,110,10,69,106,105,22,32,70,19,1
16,85,6,82,87,11,100,113,138,67,1
56,44,37,135,30,22,123,99,6,62,0
30,70,37,71,100,85,39,45,114,93,1
76,30,88,42,93,59,26,9,69,14,0
60,39,6,47,123,26,113,70,57,86,0
114,20,84,23,44,41,86,102,71,22,1
16,6,101,75,72,99,26,21,31,89,1
74,111,85,2,67,35,72,50,129,80,1
86,72,27,26,102,25,59,21,6,1,0
95,14,67,126,70,84,64,41,21,37,0
106,41,121,49,86,67,47,26,27,2,0
35,11,119,85,138,105,14,7,104,50,1
22,67,34,19,40,12,85,114,13,2,1
6,104,40,29,64,2,62,70,91,35,0
111,138,1,14,15,87,17,108,64,70,1
21,4,42,64,5,58,93,128,14,11,1
27,72,123,16,14,5,8,68,11,43,1
97,89,45,34,2,10,15,128,96,86,0
138,68,22,35,11,43,32,126,28,21,0
87,54,35,49,40,93,30,92,9,11,0
42,69,101,6,5,97,7,40,104,138,1
22,5,95,53,104,74,35,6,101,33,1
54,20,128,129,19,36,8,14,52,123,0
123,22,86,11,33,41,34,105,99,119,0
44,74,129,6,25,39,2,86,56,14,1
101,106,30,2,44,91,56,59,27,129,1
39,85,120,126,48,74,105,11,104,30,0
74,97,106,26,87,17,113,9,121,2,0
75,22,97,72,114,35,106,9,14,37,1
91,35,39,44,64,4,84,94,17,93,1
35,104,114,135,56,74,11,90,2,128,1
26,31,54,75,23,108,5,44,74,100,0
1,106,98,53,40,104,35,87,27,45,1
105,10,28,34,5,103,86,113,71,54,0
14,28,67,111,6,17,7,44,105,19,1
40,63,129,99,1,104,93,64,53,14,0
6,27,56,129,86,136,89,104,106,71,0
81,28,72,35,84,9,80,6,14,106,1
120,129,70,50,75,108,136,53,104,60,1
119,9,54,123,70,15,42,8,30,7,0
53,83,46,14,114,138,74,88,19,120,1
105,58,6,56,75,27,137,32,76,114,1
22,47,21,30,64,37,5,6,35,8,0
5,84,22,70,50,47,54,83,39,11,0
59,21,7,9,18,5,126,10,55,14,1
99,75,19,64,93,14,97,18,33,11,1
102,26,62,82,74,14,108,11,106,121,0
26,72,104,16,56,35,111,71,70,97,1
20,14,106,51,49,41,2,43,12,35,0
17,56,105,93,54,47,11,123,99,41,1
100,71,93,22,12,56,35,19,129,31,1
70,31,30,69,62,72,110,41,37,11,1
113,68,80,119,104,63,40,67,27,110,0
25,30,63,7,120,119,59,43,95,35,1
33,48,72,128,23,30,51,76,32,11,0
75,138,87,36,69,8,56,70,101,57,1
22,8,35,14,20,21,6,30,49,37,0
50,62,84,18,82,35,106,74,129,19,1
60,36,33,1,68,19,35,79,62,71,0
1,22,9,85,73,135,43,104,36,138,0
42,58,14,67,76,75,114,35,129,87,1
27,19,1,74,30,77,105,26,114,93,0
72,114,36,81,26,86,44,1,101,39,1
39,113,19,75,5,15,21,119,84,102,0
3,128,54,76,104,93,75,48,1,6,1
59,44,40,11,5,86,14,79,47,82,1
8,29,11,27,35,71,51,17,114,18,1
73,22,58,30,1,74,11,9,104,87,0
17,74,1,14,70,44,11,84,30,105,1
77,63,111,6,88,30,51,14,12,97,1
51,63,120,37,2,84,22,14,70,86,1
105,71,93,6,138,14,2,55,35,41,1
50,26,2,8,80,136,123,86,67,11,1
8,2,91,30,46,6,75,34,86,99,1
10,41,64,63,128,105,62,14,56,17,0
87,110,56,59,86,101,12,137,30,113,0
112,58,62,76,14,32,84,85,128,35,0
69,30,98,8,5,94,35,44,71,32,1
121,42,101,6,87,112,77,40,44,100,0
16,30,35,86,95,72,48,62,22,106,0
59,7,65,62,50,14,21,15,81,99,1
87,2,123,1,126,75,44,16,100,5,0
84,120,86,6,28,26,14,30,17,15,1
13,38,45,62,1,9,88,28,30,44,1
9,103,11,121,67,61,97,51,73,66,1
70,8,31,59,40,99,53,27,56,74,0
11,26,70,5,19,34,91,35,99,44,0
72,83,86,14,102,16,25,49,39,38,1
60,97,12,26,21,8,81,7,35,5,0
12,18,22,67,73,1,35,88,84,107,0
52,109,14,56,101,113,123,1,102,51,0
70,104,126,97,75,105,19,120,56,128,0
26,85,68,99,11,45,129,114,5,6,1
69,22,19,57,30,67,72,84,33,6,0
25,41,88,105,75,137,27,9,74,14,1
79,69,18,90,75,76,6,53,135,72,0
34,70,30,95,26,27,20,106,8,73,1
2,97,104,30,1,62,75,80,11,44,1
32,135,6,17,101,30,55,26,74,75,0
93,104,138,95,71,8,14,75,53,6,0
84,62,1,105,15,36,6,40,2,96,1
4,97,40,64,18,1,10,101,81,50,1
14,37,42,15,49,11,104,9,31,56,0
7,12,79,9,16,84,47,18,19,101,1
71,99,68,54,63,9,21,119,129,113,0
62,76,103,93,44,77,136,39,112,63,0
74,114,14,97,56,26,33,129,1,29,0
86,4,84,49,53,138,30,101,104,28,0
82,85,50,86,36,19,60,108,32,22,1
35,47,6,37,64,44,22,49,31,20,1
8,2,21,31,64,29,49,30,22,37,1
9,14,75,8,2,102,44,64,7,90,0
75,112,48,42,73,8,27,82,2,71,0
84,45,83,58,39,107,11,31,66,93,1
2,37,8,6,22,5,45,27,114,67,0
76,29,54,79,123,80,26,73,110,74,1
43,49,7,64,1,86,30,85,81,60,1
123,17,2,93,86,22,36,68,14,70,0
123,30,22,93,74,128,11,109,1,53,0
84,42,21,10,68,80,14,7,35,79,0
50,40,8,2,126,86,14,128,1,22,1
32,10,74,49,41,106,29,62,72,60,0
7,105,137,4,51,27,1,52,86,104,1
128,67,4,5,111,107,19,47,53,109,0
76,71,110,68,54,32,42,26,16,34,0
89,104,101,75,112,16,114,105,8,26,0
41,36,46,22,105,44,32,64,128,2,0
100,41,102,35,123,101,5,1,104,13,0
113,4,75,18,30,11,70,84,42,64,0
8,14,47,29,31,138,49,26,5,44,0
6,5,35,31,8,37,30,2,21,44,0
62,137,107,110,32,8,54,43,101,26,0
22,67,5,17,14,38,76,93,87,31,1
100,4,120,48,93,85,111,40,68,114,1
63,44,19,9,104,100,6,5,11,32,0
6,19,91,49,50,1,102,75,59,74,1
41,79,14,35,4,87,9,13,105,93,0
27,11,44,60,75,32,30,74,42,6,0
6,31,108,123,106,36,8,30,28,71,1
106,137,4,39,19,76,56,75,102,104,0
54,17,51,30,38,120,2,14,44,68,0
16,56,101,17,121,26,29,65,11,35,0
25,64,1,62,99,36,138,58,35,40,0
7,49,93,120,30,76,114,27,44,103,0
6,75,98,87,7,77,123,102,101,1,1
49,42,51,22,69,6,64,71,75,104,0
86,138,35,75,96,105,8,104,30,39,0
17,25,91,137,14,50,5,40,59,35,0
42,47,107,30,73,84,17,93,5,11,1
104,35,44,37,31,39,64,70,114,3,0
6,16,106,14,136,39,40,70,62,96,0
8,97,138,26,30,95,11,9,5,84,1
113,56,30,25,2,93,119,75,20,104,0
86,56,14,16,75,101,74,49,5,12,1
54,35,30,14,11,41,90,75,112,104,1
104,11,71,8,26,93,9,86,96,35,0
31,48,21,26,5,8,35,18,23,2,1
37,34,16,138,84,75,14,32,110,56,1
47,31,30,8,22,14,20,29,6,35,1
21,6,14,105,113,28,93,39,37,57,0
101,22,14,119,73,104,114,26,78,44,1
138,129,5,22,17,78,76,86,69,1,1
7,14,77,75,138,85,27,69,1,106,1
113,62,64,105,28,11,53,84,100,107,1
104,62,97,35,106,6,75,14,99,91,0
119,14,109,35,9,104,108,2,61,93,0
91,67,35,57,2,26,71,106,62,128,1
84,104,56,106,48,121,30,93,74,69,1
102,5,138,75,22,8,84,35,69,123,0
19,84,14,6,69,67,22,21,72,7,1
135,99,105,72,19,23,40,75,119,12,1
86,81,105,47,60,96,64,18,76,74,0
107,60,39,34,6,79,50,35,104,43,0
7,44,114,59,128,26,12,94,34,22,0
44,20,5,8,49,2,30,21,22,64,1
44,47,5,6,31,2,26,8,30,29,1
6,20,56,14,53,5,7,84,11,101,1
41,85,74,71,15,8,126,62,135,35,1
40,112,68,81,6,106,47,5,72,23,0
110,45,68,113,91,42,5,48,69,27,1
38,18,32,11,123,108,17,93,113,86,1
86,26,135,84,114,23,16,123,14,1,0
101,100,28,25,41,14,128,35,56,42,1
39,85,49,6,36,14,30,101,35,2,0
52,123,36,26,9,64,59,11,108,14,0
67,22,97,20,101,84,77,30,6,62,0
101,59,41,121,138,8,54,21,50,39,0
56,2,5,100,70,18,75,62,35,11,1
108,85,10,128,87,1,45,14,46,84,0
58,7,27,30,67,101,85,70,136,5,1
5,76,10,104,86,34,40,100,91,81,0
8,91,84,100,31,35,26,62,32,73,1
21,11,101,75,64,8,88,96,31,49,1
41,86,12,17,18,27,69,54,74,84,0
28,62,63,40,27,25,86,138,110,73,0
3,48,74,129,86,37,93,21,23,11,0
123,1,128,69,17,6,79,53,37,129,0
23,56,71,57,34,25,37,44,11,68,1
28,49,74,44,50,11,62,59,45,111,1
35,93,108,72,64,71,8,49,2,3,1
5,76,67,68,62,128,138,2,26,80,1
88,2,68,75,102,79,93,39,14,72,1
48,84,67,21,120,135,39,101,14,44,0
10,78,54,35,36,72,15,137,32,108,0
13,119,138,7,14,27,114,35,6,44,1
87,80,1,105,14,27,138,59,101,102,0
121,104,36,50,67,27,95,114,76,49,1
67,14,22,39,100,26,114,15,84,86,1
93,91,60,25,96,136,44,27,101,33,0
111,27,42,23,129,41,64,7,39,100,0
60,86,22,93,123,97,58,70,84,30,1
44,101,86,69,50,35,14,41,26,84,1
11,9,8,7,74,28,86,87,81,67,1
29,62,32,94,14,30,34,102,28,93,1
67,129,87,35,29,37,6,4,2,14,0
46,70,3,22,35,56,74,27,21,23,0
128,76,31,19,8,54,9,99,106,30,0
104,35,42,93,123,1,9,14,23,41,0
28,52,120,6,21,123,54,74,129,5,1
104,1,9,58,74,14,106,129,89,31,0
123,37,40,113,109,96,72,44,13,3,1
74,86,54,34,14,30,33,85,6,37,0
8,110,93,34,75,138,42,13,74,28,1
42,64,23,5,22,100,47,27,70,86,0
42,7,6,123,121,30,2,95,22,21,0
34,1,30,53,97,74,14,113,11,114,1
36,138,84,17,9,129,6,30,25,22,1
123,81,40,8,17,119,36,14,107,67,1
26,6,49,34,25,52,59,56,86,33,1
22,25,35,128,93,88,63,59,34,71,0
42,92,32,75,93,13,97,95,10,129,1
44,17,20,5,14,81,56,71,4,27,0
8,31,20,85,86,16,11,72,50,126,0
26,42,49,5,6,22,44,8,14,30,1
9,22,47,81,53,98,107,35,74,83,1
136,30,22,103,27,138,86,80,110,14,0
87,60,28,32,36,7,93,111,59,48,1
14,66,93,53,74,114,64,40,75,20,1
102,14,11,39,74,108,26,106,8,123,0
21,36,31,77,28,44,106,26,60,123,0
138,7,39,42,8,51,67,50,81,56,0
59,86,104,19,93,119,54,113,27,100,1
21,10,99,36,42,40,88,128,114,95,0
110,113,19,100,18,9,40,94,84,26,0
7,89,84,11,14,74,138,41,75,21,0
111,95,16,2,123,53,44,114,30,108,0
34,42,60,128,98,41,16,94,50,123,1
104,101,13,41,90,14,70,72,26,106,0
35,36,2,93,128,41,56,84,28,138,1
87,99,62,13,50,17,8,86,67,38,0
2,35,5,6,26,49,14,42,31,44,1
54,135,31,39,75,65,58,42,6,64,1
123,10,49,114,87,81,8,75,84,17,1
77,66,126,12,16,61,89,13,35,82,0
81,102,86,12,26,42,44,59,65,23,0
96,84,44,11,86,40,67,34,100,26,0
2,23,84,89,50,51,30,6,123,72,0
30,40,45,83,63,35,14,1,26,36,0
56,54,40,74,97,67,90,44,105,17,0
106,7,97,31,67,14,74,101,69,42,1
28,76,27,41,35,42,121,80,71,21,0
138,13,36,86,85,87,114,128,8,35,0
129,1,56,5,27,85,99,61,95,31,1
29,37,49,31,44,20,26,47,21,22,1
67,47,2,106,86,1,104,107,14,21,1
51,35,82,84,99,46,30,44,56,33,1
91,105,96,14,67,21,44,11,88,84,0
123,102,121,1,35,21,75,101,42,104,1
34,93,26,31,62,32,51,75,35,87,0
26,128,48,7,84,30,138,21,106,102,0
8,29,14,5,21,9,106,42,110,97,0
68,7,75,58,84,108,111,5,8,74,0
99,8,14,71,90,70,36,62,120,85,0
72,40,35,6,86,42,14,74,91,101,0
66,35,8,108,114,18,6,74,40,137,1
107,22,44,84,35,47,40,6,14,21,0
7,39,14,11,9,6,68,82,30,137,1
65,2,95,45,21,59,7,30,16,35,0
1,102,30,112,137,123,56,87,28,64,0
42,96,123,94,101,135,11,126,18,21,1
105,35,83,4,16,52,135,90,11,14,0
50,30,96,1,106,14,5,70,97,22,1
50,110,48,6,96,22,14,29,16,104,0
31,32,114,77,87,13,1,86,40,85,1
99,44,72,76,68,111,73,59,93,120,1
43,14,7,87,76,138,114,63,71,13,1
62,129,35,7,60,138,105,106,9,42,1
99,9,40,62,36,22,35,29,79,67,0
70,100,16,66,86,10,50,14,17,21,0
9,70,90,129,41,100,7,35,21,98,1
49,56,9,12,123,64,41,86,7,108,1
68,12,51,5,84,63,100,10,11,75,1
31,17,18,105,81,84,35,77,114,123,0
47,5,54,1,105,11,104,22,23,8,1
86,49,77,8,105,64,70,22,110,106,0
35,30,76,69,56,62,102,5,95,71,1
6,50,75,89,114,7,8,53,71,66,1
9,72,86,12,75,104,79,90,94,111,1
76,79,54,69,126,41,77,44,80,105,0
44,9,86,5,129,76,104,14,67,43,1
56,69,67,62,48,6,105,65,75,85,1
6,74,102,34,9,56,135,25,48,21,0
17,76,138,97,58,75,100,70,35,2,1
75,26,67,36,99,82,39,30,70,50,1
101,104,93,114,86,54,96,41,76,78,1
7,70,35,36,14,102,25,1,34,65,1
138,67,104,14,65,85,123,35,60,10,1
84,53,37,65,41,29,62,26,44,13,0
114,33,136,107,68,101,22,73,80,135,0
8,47,20,31,22,21,42,64,37,29,0
83,1,11,14,2,75,30,7,5,106,0
64,54,86,7,97,120,71,83,84,1,1
93,74,123,97,19,52,120,14,27,56,1
30,60,8,106,72,9,6,42,17,123,1
96,35,75,67,59,13,102,123,85,93,1
71,36,6,84,74,49,7,30,8,76,0
18,84,67,31,102,35,17,101,36,70,0
84,5,71,104,59,42,36,8,64,75,1
7,22,14,6,82,11,87,50,105,104,1
17,74,71,11,26,120,126,137,14,34,1
5,81,6,71,85,103,52,30,48,65,1
23,56,101,32,47,58,113,7,59,104,1
63,102,104,65,22,113,99,138,14,44,0
6,22,14,121,1,27,17,84,19,114,0
16,19,89,62,9,14,106,45,5,32,0
34,56,31,96,68,14,10,63,99,121,0
0,0,0,0,0,0,0,0,0,0,0
35,14,44,26,49,138,30,47,37,22,0
93,121,87,104,14,64,129,112,44,138,1
101,26,75,54,104,35,9,16,74,87,0
14,9,99,2,106,8,16,44,84,85,1
112,1,7,47,136,81,22,105,23,86,1
120,17,138,26,7,41,136,90,13,30,0
62,77,86,83,8,72,36,40,74,9,1
95,93,27,64,49,55,36,75,87,44,0
34,108,50,22,7,35,81,62,86,66,0
36,14,75,47,44,26,41,22,86,96,1
44,5,14,25,113,71,32,1,17,23,1
11,74,36,21,135,93,121,75,46,42,0
17,12,90,53,138,34,42,83,26,84,0
44,75,31,19,10,84,14,50,81,87,1
34,14,112,114,30,2,9,44,59,87,1
73,96,30,7,67,1,98,26,87,17,1
56,71,27,54,138,75,34,62,55,44,0
28,21,11,84,129,64,99,34,14,56,1
50,40,91,62,106,68,74,28,59,41,0
39,95,50,114,104,14,112,32,105,75,0
8,23,71,14,22,35,99,21,108,138,0
109,14,37,50,1,43,5,114,84,138,1
11,62,5,44,97,42,98,104,86,101,0
75,33,93,108,11,56,7,17,86,102,1
58,7,128,53,105,11,72,26,16,114,0
105,120,99,93,121,50,86,47,14,10,0
73,80,48,72,19,104,123,27,106,14,0
72,136,138,13,31,44,26,100,29,106,1
14,37,101,2,29,136,83,6,87,74,1
46,23,114,68,84,40,44,30,70,99,0
108,119,30,120,93,75,32,51,128,23,0
106,32,76,42,86,53,68,22,28,56,0
104,86,110,47,43,42,105,10,30,120,0
99,56,37,92,31,18,22,34,4,25,0
14,30,123,75,126,21,40,5,36,42,1
44,62,112,21,27,6,14,45,47,30,0
63,26,2,54,6,5,56,69,55,12,1
35,42,119,13,14,86,97,102,93,27,0
74,3,43,12,100,75,81,9,85,27,1
42,94,23,40,62,6,84,87,81,22,1
95,14,35,16,34,32,104,65,18,72,1
8,14,84,42,106,37,49,1,23,97,1
39,136,1,83,2,30,21,64,22,114,0
93,21,104,75,74,25,6,7,19,11,1
101,17,7,29,5,16,14,11,86,6,0
62,2,54,86,17,129,22,74,42,87,1
39,86,27,52,8,12,75,5,105,11,0
33,47,102,41,68,61,138,90,70,113,1
71,120,6,96,105,36,138,64,69,31,0
136,8,26,16,10,64,56,14,28,35,0
7,119,85,6,54,9,86,34,126,14,0
44,14,75,104,71,28,100,22,9,41,1
40,69,94,11,6,21,93,39,13,52,1
64,58,44,31,11,105,98,70,36,86,0
1,58,39,16,74,75,35,67,17,88,1
7,101,44,128,84,121,30,123,71,1,1
45,123,50,1,104,80,42,31,14,9,0
95,26,39,44,14,84,69,41,62,17,0
59,101,114,1,49,67,84,113,86,47,1
64,61,75,53,74,42,26,28,106,128,0
21,101,1,98,23,84,85,83,76,8,0
22,62,16,1,56,6,112,25,35,100,1
112,35,41,97,119,101,1,44,114,86,0
64,50,29,44,35,100,2,48,14,27,0
95,88,33,70,93,5,109,108,20,29,0
36,84,67,6,71,11,47,26,93,14,1
23,108,32,26,1,27,138,35,31,28,0
41,35,7,100,92,86,80,56,60,26,1
8,42,26,31,6,30,21,44,20,22,1
35,22,5,31,49,44,2,29,30,64,0
14,97,11,15,41,72,30,9,70,21,1
14,129,86,136,128,26,102,27,6,70,0
29,9,114,35,86,20,129,1,56,50,0
76,17,30,26,38,50,40,59,73,80,0
123,13,129,30,6,15,49,114,19,128,1
106,4,16,23,87,14,54,71,5,67,1
106,6,5,95,35,68,89,7,126,105,1
8,47,26,33,63,4,59,34,93,123,1
25,121,35,138,15,30,27,76,74,11,1
46,6,22,86,23,30,70,136,96,119,1
45,1,138,105,137,8,11,74,77,20,1
1,14,9,71,60,67,74,69,20,90,1
97,121,22,72,138,31,44,2,13,123,0
89,84,73,95,96,35,85,18,61,64,0
27,22,128,44,37,14,8,5,86,74,1
138,12,18,79,5,102,47,95,84,126,1
2,114,100,40,6,21,70,85,69,97,0
84,21,138,71,48,87,35,107,69,44,1
63,76,50,31,88,30,74,86,14,55,1
91,111,59,3,36,42,138,1,106,79,0
14,1,69,17,128,93,114,21,138,85,1
71,19,93,14,15,27,91,74,6,96,1
48,45,43,80,39,114,119,9,26,2,1
121,44,94,84,30,35,102,113,50,5,1
85,80,30,102,54,91,60,14,11,51,1
21,11,97,22,20,36,72,75,69,42,1
74,26,138,137,17,68,76,101,129,56,0
75,89,93,36,128,95,105,26,35,123,1
67,6,2,27,57,34,71,94,30,93,1
70,105,26,30,51,74,97,67,85,22,0
14,41,63,51,26,6,2,5,80,84,0
34,138,89,71,14,78,106,136,41,84,1
86,81,44,35,14,7,103,1,34,114,1
14,50,100,54,72,2,70,95,101,79,0
50,104,86,10,36,119,135,54,99,87,1
9,129,40,70,34,83,75,2,17,44,1
21,86,7,104,1,114,93,120,51,123,0
29,41,86,37,11,97,119,9,138,56,1
30,104,16,11,138,27,42,5,86,6,0
90,67,93,15,114,123,10,68,108,48,0
7,25,42,81,21,14,86,47,43,101,1
88,40,34,94,102,106,86,44,75,74,1
70,69,23,26,74,36,25,22,27,93,0
41,119,70,100,86,44,76,64,53,46,0
35,16,48,74,104,75,89,60,101,7,1
74,54,128,129,121,9,1,59,37,2,0
63,42,76,8,87,5,36,10,62,72,0
74,96,22,65,93,75,47,129,30,1,0
37,31,39,35,42,138,51,113,47,86,1
49,11,67,14,75,8,5,32,54,7,0
37,70,98,123,32,21,59,27,22,19,0
15,68,73,119,6,11,65,8,106,57,1
18,3,135,53,106,128,64,67,31,137,0
36,98,46,136,72,11,73,22,68,64,0
35,11,15,31,21,69,114,84,64,6,0
31,64,44,47,49,6,26,22,30,29,1
14,1,22,56,36,17,93,84,19,4,1
135,64,87,126,1,43,56,128,104,31,0
36,9,31,21,8,75,18,84,58,135,1
36,69,113,68,73,102,14,100,53,22,1
50,11,60,6,68,35,2,64,54,45,0
4,27,54,18,123,104,84,14,21,44,0
70,51,128,57,100,14,113,32,85,114,0
56,103,96,58,5,100,16,62,123,81,1
84,93,34,86,129,11,137,83,2,70,0
69,48,20,13,62,108,119,74,123,34,1
95,44,63,99,70,94,96,39,33,14,1
57,14,74,75,67,93,106,87,84,28,0
85,34,8,108,49,18,14,105,99,36,1
114,7,106,26,110,86,19,89,11,31,1
111,7,78,15,26,22,49,53,11,107,1
26,76,104,88,5,64,62,97,41,126,1
126,27,23,1,14,136,33,74,109,30,1
53,14,79,22,1,20,84,70,42,123,0
101,14,41,52,49,93,99,2,109,87,1
80,96,84,114,121,44,108,100,32,83,0
30,120,86,138,2,105,67,126,71,7,0
63,90,96,76,10,75,114,57,16,2,1
30,7,114,56,59,106,18,45,129,84,1
75,8,102,84,76,87,108,35,67,93,0
123,121,35,87,23,53,111,6,104,14,1
22,89,103,43,87,21,54,26,76,72,0
137,62,123,105,30,99,138,95,64,7,0
26,121,8,88,35,55,58,17,2,33,1
14,64,44,123,138,8,42,10,30,84,0
43,36,85,26,1,7,41,121,2,5,1
105,1,40,17,7,97,44,22,41,86,1
120,104,56,30,138,6,21,36,114,75,1
64,45,26,93,59,60,22,8,14,9,0
76,84,41,21,69,64,1,83,137,104,0
35,31,8,5,100,9,60,62,37,70,0
86,44,112,123,58,5,4,51,39,8,0
32,12,35,69,84,21,40,29,95,123,0
109,28,105,85,18,17,111,67,47,74,1
29,7,56,50,13,37,86,43,126,1,1
104,137,50,119,138,28,13,14,101,80,1
9,30,49,35,86,36,11,22,123,73,1
41,15,59,80,53,25,17,27,32,104,1
41,113,30,128,42,36,72,75,7,67,1
19,123,113,71,27,33,44,1,46,53,1
104,13,50,10,32,102,74,14,101,19,1
10,46,101,68,56,35,7,18,106,61,1
68,52,57,72,70,86,120,64,1,25,1
26,93,44,14,11,114,27,42,38,119,1
75,89,55,25,104,18,34,27,123,109,0
22,27,70,109,35,14,40,74,7,6,1
17,89,27,35,74,53,119,88,62,16,0
22,4,14,11,75,53,135,99,106,112,0
99,95,64,44,62,11,56,30,71,54,1
69,9,22,95,30,17,14,50,33,105,1
84,99,21,86,93,94,6,7,37,20,0
113,74,15,23,85,100,126,35,33,1,0
47,30,135,50,8,7,49,75,26,48,1
58,5,105,10,128,30,25,8,108,27,0
114,69,35,26,10,86,41,19,17,72,1
123,10,97,30,126,44,105,114,26,22,0
74,86,7,8,16,62,26,11,114,14,0
84,1,23,86,81,95,15,43,128,50,1
114,46,53,17,51,7,126,77,101,22,0
5,39,9,126,42,14,32,12,123,19,1
56,35,2,34,26,22,80,4,40,66,0
138,42,11,7,9,30,54,84,13,71,1
7,14,21,33,56,32,11,50,135,30,0
63,137,25,2,26,123,21,11,93,138,0
97,69,81,85,52,20,44,32,87,46,0
91,7,83,135,23,14,94,30,50,75,0
90,54,14,5,2,34,99,41,97,64,0
25,30,120,111,6,128,11,4,86,17,0
83,100,64,102,8,101,104,138,14,86,0
44,102,87,53,28,63,54,86,27,128,0
98,20,14,114,106,21,54,128,64,65,1
6,14,26,47,22,37,8,20,29,2,0
59,70,6,69,50,64,47,5,89,21,0
67,37,106,120,102,62,64,69,138,1,1
36,50,8,64,67,68,11,27,2,56,0
77,128,50,12,11,138,7,5,62,86,0
23,105,27,84,60,54,10,50,11,107,0
95,44,10,1,126,71,74,83,72,11,0
16,32,111,62,13,83,14,123,113,11,1
28,80,86,138,5,44,75,21,64,96,0
14,93,63,37,30,1,61,70,11,101,0
74,128,60,14,18,73,11,109,52,56,1
14,83,19,51,74,30,56,113,93,34,0
36,112,6,9,20,35,25,43,85,100,0
29,44,26,74,85,32,5,64,126,107,1
85,105,50,41,138,2,101,31,89,44,1
8,84,72,36,50,138,86,44,20,85,0
14,11,102,88,25,12,28,59,3,26,1
29,74,1,52,87,23,25,106,32,101,0
54,107,82,26,93,27,104,11,58,6,0
70,91,75,2,106,36,94,32,84,35,0
41,90,35,2,30,84,94,50,6,42,1
66,2,30,62,42,7,41,129,111,110,0
2,5,126,84,6,21,67,87,104,27,0
89,99,59,85,27,44,75,62,5,49,0
17,1,51,14,31,44,128,42,111,106,0
8,49,42,104,30,64,128,39,77,98,0
91,17,71,7,86,70,50,15,35,84,0
42,51,138,120,90,35,58,75,97,44,1
99,34,1,35,36,104,12,75,6,100,0
39,30,12,16,34,22,27,7,137,6,1
2,10,75,107,86,54,71,49,5,25,0
44,74,35,109,62,94,128,45,101,6,1
9,14,55,123,75,8,6,27,35,104,0
83,15,126,20,7,94,89,90,99,119,1
104,14,97,107,95,40,2,21,83,93,0
97,26,88,100,35,84,45,87,4,33,0
44,87,90,96,91,31,53,1,19,8,1
22,31,76,96,1,74,104,11,4,30,1
5,12,114,21,27,59,14,44,8,42,1
14,109,35,59,103,11,56,49,101,9,0
68,14,104,8,17,84,64,23,11,38,1
137,4,75,99,54,47,97,83,108,55,1
54,71,43,56,14,30,22,128,70,93,1
128,138,111,56,135,81,14,76,102,110,1
44,94,42,88,15,85,22,89,126,82,0
14,41,2,22,128,106,44,52,74,59,0
5,36,94,9,40,37,17,11,34,6,0
136,27,13,67,87,96,44,68,21,5,0
21,99,5,6,46,85,25,41,7,39,1
58,5,138,87,93,44,20,76,62,9,0
44,56,11,64,6,21,17,86,5,7,1
22,80,53,6,26,14,41,93,75,35,0
7,86,138,13,21,49,33,27,12,11,0
135,23,41,100,87,97,106,54,88,22,0
105,14,93,123,28,8,17,5,70,86,0
27,101,23,12,6,138,4,95,29,114,1
129,14,17,100,50,123,98,63,26,6,0
26,84,15,14,41,8,129,93,48,12,1
12,101,87,100,30,54,138,27,75,31,0
58,123,78,14,5,85,49,13,31,8,1
87,70,76,4,26,138,28,40,15,67,1
18,75,50,99,100,86,80,62,22,114,1
30,27,135,67,39,105,28,29,11,18,1
27,30,28,70,106,8,11,7,14,26,0
44,6,20,5,42,14,8,30,21,35,1
2,6,14,49,5,47,26,8,30,22,1
47,99,64,114,58,70,11,121,75,28,1
40,11,29,128,41,59,1,31,135,107,1
38,64,22,86,12,54,138,80,31,32,0
61,84,136,37,74,62,32,14,53,94,0
26,6,21,138,36,100,97,74,9,48,0
8,67,72,85,102,89,4,120,5,96,1
101,26,53,14,86,98,138,19,68,54,1
108,71,86,75,69,36,98,81,5,27,1
6,75,41,5,35,84,44,14,121,47,0
119,73,2,36,26,62,11,137,34,33,0
32,28,98,67,22,44,40,17,128,31,1
138,12,32,35,14,68,11,8,25,54,1
30,1,63,2,58,35,85,51,32,128,0
14,123,8,36,81,106,2,35,64,67,0
43,84,8,21,42,11,41,9,126,22,1
76,85,56,19,37,104,128,1,21,101,1
27,30,74,101,75,35,58,22,108,20,1
114,59,129,62,105,8,20,31,7,19,0
1,14,50,62,74,44,26,31,78,126,0
9,1,30,78,14,87,34,44,13,7,0
101,67,87,32,43,75,106,9,94,99,0
47,108,76,37,48,26,22,84,36,56,1
29,128,84,106,6,114,30,28,11,64,1
50,10,96,106,45,101,71,11,91,56,1
62,22,44,40,35,84,10,34,85,20,0
7,44,58,30,62,78,29,100,94,53,1
69,30,62,44,75,93,27,70,121,106,1
12,21,82,128,60,138,123,69,26,93,1
11,85,32,7,50,6,102,22,76,62,0
41,1,21,63,84,73,54,44,11,26,0
72,16,41,94,22,53,23,4,63,86,1
87,1,70,119,43,76,86,14,104,7,0
54,88,86,8,95,60,35,5,26,44,0
31,85,53,101,67,6,7,105,21,26,1
138,35,97,100,123,43,86,31,42,73,1
70,82,47,80,98,101,114,77,10,53,0
63,37,104,49,84,44,70,35,26,97,1
31,36,13,6,21,5,39,2,1,14,1
56,22,43,64,57,104,52,69,85,68,0
68,87,75,44,129,22,69,56,9,67,0
28,62,10,15,14,6,16,68,2,11,0
4,71,129,11,31,50,25,22,53,7,1
14,30,1,100,19,7,35,27,13,50,0
99,81,26,138,84,97,7,101,8,106,1
11,63,74,35,55,13,86,14,100,6,1
59,56,92,86,50,44,7,11,20,5,1
25,27,104,119,22,41,31,34,128,36,1
14,97,75,107,5,6,27,8,54,35,1
11,51,101,30,93,63,119,34,72,60,0
47,46,57,95,2,7,109,112,25,21,1
86,98,44,72,59,80,85,47,56,112,1
67,31,95,36,30,44,128,5,96,12,0
71,86,75,1,59,77,64,29,26,70,1
35,8,77,84,87,49,30,31,128,70,1
11,20,70,56,101,12,106,79,35,104,0
16,18,21,100,60,4,83,5,47,35,0
85,119,8,11,84,7,67,43,65,35,1
5,1,83,35,54,78,119,75,126,84,1
5,8,135,11,89,21,104,19,22,93,0
114,76,6,8,14,27,113,61,106,96,1
80,135,103,85,25,75,114,33,8,60,0
32,11,30,1,14,25,89,56,66,17,0
37,33,13,19,45,98,71,86,58,6,1
9,17,1,121,96,30,79,41,14,34,0
128,104,11,45,1,114,30,76,19,123,1
120,64,11,47,96,30,8,52,31,14,1
34,56,121,69,5,30,44,135,72,76,1
129,85,128,67,2,74,102,72,44,27,0
75,44,27,35,99,50,68,104,6,85,0
11,67,14,64,21,84,98,138,36,26,1
16,126,1,42,30,44,20,69,86,22,0
73,6,76,40,85,30,51,60,1,45,0
106,51,9,35,64,44,120,13,91,123,1
39,69,11,27,85,36,97,129,35,67,0
8,18,14,23,4,7,70,42,67,113,0
22,36,100,128,93,73,56,20,75,14,0
14,44,128,74,5,10,55,22,35,31,0
49,114,107,138,14,2,34,50,70,101,0
40,21,14,84,44,119,26,34,35,104,1
35,49,30,20,21,42,5,14,29,44,0
77,93,22,26,75,72,82,135,53,21,1
34,8,41,81,76,75,10,89,95,6,0
86,36,19,8,87,62,22,101,29,70,1
11,51,54,71,33,94,91,102,138,110,0
8,42,5,11,30,64,108,1,17,20,0
21,40,104,14,44,42,102,27,97,50,1
123,104,119,93,40,82,22,6,71,36,0
35,5,21,95,85,112,44,29,26,107,1
120,14,13,7,11,67,86,42,40,74,0
63,70,71,62,119,81,22,35,138,75,0
88,14,123,128,6,119,42,26,93,74,1
9,2,58,59,65,97,25,56,86,64,1
44,59,68,62,104,63,30,36,32,14,1
35,119,11,83,86,74,87,30,1,14,0
84,6,40,36,48,100,87,1,90,69,0
85,109,34,113,14,70,75,11,5,50,1
99,81,26,21,80,36,58,114,53,77,1
42,64,85,108,35,96,72,105,18,21,1
69,22,93,7,64,9,3,138,35,96,0
47,70,34,100,6,76,9,89,2,19,0
21,138,128,43,11,99,75,64,92,44,1
14,43,8,26,35,70,5,98,16,75,1
104,44,60,40,93,11,98,41,121,96,1
18,6,101,23,8,93,87,67,89,42,0
14,50,32,9,13,70,20,79,100,101,0
52,14,27,93,76,31,101,104,8,35,0
2,87,67,123,36,49,106,138,32,30,1
53,8,98,14,26,22,137,28,50,44,0
104,1,106,68,64,45,50,63,18,75,1
59,54,7,128,30,21,85,9,76,6,0
108,51,5,13,11,129,37,88,97,8,0
20,75,107,56,41,53,12,17,69,14,1
14,74,58,87,1,25,50,70,60,97,0
111,86,26,12,32,35,44,8,104,11,0
126,42,5,45,23,68,14,6,84,29,1
31,44,40,70,54,37,21,53,28,35,0
113,60,26,56,105,18,107,14,20,129,1
4,138,30,21,20,8,11,85,1,29,1
100,22,63,30,32,76,136,52,53,35,0
21,74,87,58,95,56,34,105,59,68,1
6,91,9,22,72,23,84,30,11,67,1
2,20,21,42,30,14,6,5,44,47,0
4,119,31,26,71,18,84,100,97,22,1
101,93,52,86,16,77,111,100,70,126,1
106,66,31,6,16,104,22,20,1,87,1
5,23,41,84,107,26,71,93,52,11,1
75,49,71,10,101,30,47,135,53,104,0
77,6,51,11,5,30,7,41,2,76,0
27,100,22,4,44,30,41,70,62,75,0
27,108,84,7,62,63,99,44,74,22,1
84,11,85,93,59,44,27,86,4,128,1
37,105,2,47,44,76,70,29,88,30,1
34,42,138,128,84,68,54,74,64,113,1
83,60,128,86,11,114,30,8,48,5,0
69,36,123,64,93,67,38,14,100,56,1
129,26,106,10,50,120,41,61,72,83,0
6,11,101,7,30,86,72,29,111,138,0
88,81,123,26,41,47,14,1,32,57,1
80,63,74,89,99,17,30,4,62,48,0
5,36,50,2,15,68,6,129,25,64,0
4,32,105,26,14,35,90,70,51,16,0
93,20,69,63,31,72,1,54,81,121,0
5,56,52,22,123,28,75,26,3,11,0
18,31,138,129,97,6,126,19,5,81,1
14,19,113,12,88,106,102,30,63,22,0
8,59,45,74,81,35,1,75,2,114,1
7,30,123,81,56,50,6,88,137,40,1
53,4,9,5,42,1,11,50,87,129,0
98,80,42,79,4,30,82,41,100,119,0
93,59,7,14,11,56,126,16,129,84,1
105,62,101,93,23,123,63,11,31,81,0
35,47,119,7,126,21,74,19,75,85,0
105,10,40,8,23,110,79,119,50,56,0
26,137,75,59,67,87,10,123,1,7,1
101,58,97,110,14,7,5,102,75,94,1
104,138,21,51,120,10,69,14,86,32,0
22,94,86,123,108,105,49,20,67,11,0
114,33,97,74,27,34,129,2,98,93,0
114,106,2,138,30,40,45,59,54,17,0
113,30,126,9,32,33,22,67,64,14,1
19,114,98,74,102,87,17,71,48,68,0
121,1,101,11,36,50,29,17,70,37,1
101,138,86,9,104,123,32,30,135,93,1
