7116586311
7116585213
7116585016
7116581300
7116576217
7116575409
7116575209
7116575100
7116574609
7116574303
7116574118
7116574103
7116574019
7116574007
7116573903
7116573704
7116573516
7116573116
7116573114
7116573106
7116573104
7116572413
7116572115
7116572114
7116571408
7116571310
7116571301
7116571300
7116571209
7116571115
7116570809
7116570412
7116570409
7116569913
7116569418
7116569416
7116569403
7116568418
7116568219
7116568018
7116567918
7116567915
7116567812
7116567610
7116567609
7116567502
7116567315
7116567314
7116567111
7116567100
7116567019
7116567017
7116566919
7116566917
7116566800
7116566716
7116566715
7116566409
7116566318
7116566312
7116566210
7116566205
7116565913
7116565819
7116565815
7116565709
7116565500
7116565416
7116565413
7116565410
7116565409
7116565304
7116565201
7116565015
7116565011
7116565008
7116564915
7116564816
7116564815
7116564801
7116564706
7116564606
7116564511
7116564414
7116564317
7116564311
7116564306
7116564117
7116563906
7116563904
7116563817
7116563610
7116563608
7116563606
7116563605
7116563604
7116563509
7116563418
7116563417
7116563404